Npionts = 1531 
timeMax = wqqwqwqksqlwjlqw 
 0                0.00000          0.0000000000 
 1                0.05208          0.0000000000 
 2                0.10417          0.0000000000 
 3                0.15625          0.0000000000 
 4                0.20833          0.0000000000 
 5                0.26042          0.0000000000 
 6                0.31250          0.0000000000 
 7                0.36458          0.0000000000 
 8                0.41667          0.0000000000 
 9                0.46875          0.0000000000 
 10                0.52083          0.0000000000 
 11                0.57292          0.0000000000 
 12                0.62500          0.0000000000 
 13                0.67708          0.0000000000 
 14                0.72917          0.0000000000 
 15                0.78125          0.0000000000 
 16                0.83333          0.0000000000 
 17                0.88542          0.0000000000 
 18                0.93750          0.0000000000 
 19                0.98958          0.0000000000 
 20                1.04167          0.0000000000 
 21                1.09375          0.0000000000 
 22                1.14583          0.0000000000 
 23                1.19792          0.0000000000 
 24                1.25000          0.0000000000 
 25                1.30208          0.0000000000 
 26                1.35417          0.0000000000 
 27                1.40625          0.0000000000 
 28                1.45833          0.0000000000 
 29                1.51042          0.0000000000 
 30                1.56250          0.0000000000 
 31                1.61458          0.0000000000 
 32                1.66667          0.0000000000 
 33                1.71875          0.0000000000 
 34                1.77083          0.0000000000 
 35                1.82292          0.0000000000 
 36                1.87500          0.0000000000 
 37                1.92708          0.0000000000 
 38                1.97917          0.0000000000 
 39                2.03125          0.0000000000 
 40                2.08333          0.0000000000 
 41                2.13542          0.0000000000 
 42                2.18750          0.0000000000 
 43                2.23958          0.0000000000 
 44                2.29167          0.0000000000 
 45                2.34375          0.0000000000 
 46                2.39583          0.0000000000 
 47                2.44792          0.0000000000 
 48                2.50000          0.0000000000 
 49                2.55208          0.0000000000 
 50                2.60417          0.0000000000 
 51                2.65625          0.0000000000 
 52                2.70833          0.0000000000 
 53                2.76042          0.0000000000 
 54                2.81250          0.0000000000 
 55                2.86458          0.0000000000 
 56                2.91667          0.0000000000 
 57                2.96875          0.0000000000 
 58                3.02083          0.0000000000 
 59                3.07292          0.0000000000 
 60                3.12500          0.0000000000 
 61                3.17708          0.0000000000 
 62                3.22917          0.0000000000 
 63                3.28125          0.0000000000 
 64                3.33333          0.0000000000 
 65                3.38542          0.0000000000 
 66                3.43750          0.0000000000 
 67                3.48958          0.0000000000 
 68                3.54167          0.0000000000 
 69                3.59375          0.0000000000 
 70                3.64583          0.0000000000 
 71                3.69792          0.0000000000 
 72                3.75000          0.0000000000 
 73                3.80208          0.0000000000 
 74                3.85417          0.0000000000 
 75                3.90625          0.0000000000 
 76                3.95833          0.0000000000 
 77                4.01042          0.0000000000 
 78                4.06250          0.0000000000 
 79                4.11458          0.0000000000 
 80                4.16667          0.0000000000 
 81                4.21875          0.0000000000 
 82                4.27083          0.0000000000 
 83                4.32292          0.0000000000 
 84                4.37500          0.0000000000 
 85                4.42708          0.0000000000 
 86                4.47917          0.0000000000 
 87                4.53125          0.0000000000 
 88                4.58333          0.0000000000 
 89                4.63542          0.0000000000 
 90                4.68750          0.0000000000 
 91                4.73958          0.0000000000 
 92                4.79167          0.0000000000 
 93                4.84375          0.0000000000 
 94                4.89583          0.0000000000 
 95                4.94792          0.0000000000 
 96                5.00000          0.0000000000 
 97                5.05208          0.0000000000 
 98                5.10417          0.0000000000 
 99                5.15625          0.0000000000 
 100                5.20833          0.0000000000 
 101                5.26042          0.0000000000 
 102                5.31250          0.0000000000 
 103                5.36458          0.0000000000 
 104                5.41667          0.0000000000 
 105                5.46875          0.0000000000 
 106                5.52083          0.0000000000 
 107                5.57292          0.0000000000 
 108                5.62500          0.0000000000 
 109                5.67708          0.0000000000 
 110                5.72917          0.0000000000 
 111                5.78125          0.0000000000 
 112                5.83333          0.0000000000 
 113                5.88542          0.0000000000 
 114                5.93750          0.0000000000 
 115                5.98958          0.0000000000 
 116                6.04167          0.0000000000 
 117                6.09375          0.0000000000 
 118                6.14583          0.0000000000 
 119                6.19792          0.0000000000 
 120                6.25000          0.0000000000 
 121                6.30208          0.0000000000 
 122                6.35417          0.0000000000 
 123                6.40625          0.0000000000 
 124                6.45833          0.0000000000 
 125                6.51042          0.0000000000 
 126                6.56250          0.0000000000 
 127                6.61458          0.0000000000 
 128                6.66667          0.0000000000 
 129                6.71875          0.0000000000 
 130                6.77083          0.0000000000 
 131                6.82292          0.0000000000 
 132                6.87500          0.0000000000 
 133                6.92708          0.0000000000 
 134                6.97917          0.0000000000 
 135                7.03125          0.0000000000 
 136                7.08333          0.0000000000 
 137                7.13542          0.0000000000 
 138                7.18750          0.0000000000 
 139                7.23958          0.0000000000 
 140                7.29167          0.0000000000 
 141                7.34375          0.0000000000 
 142                7.39583          0.0000000000 
 143                7.44792          0.0000000000 
 144                7.50000          0.0000000000 
 145                7.55208          0.0000000000 
 146                7.60417          0.0000000000 
 147                7.65625          0.0000000000 
 148                7.70833          0.0000000000 
 149                7.76042          0.0000000000 
 150                7.81250          0.0000000000 
 151                7.86458          0.0000000000 
 152                7.91667          0.0000000000 
 153                7.96875          0.0000000000 
 154                8.02083          0.0000000000 
 155                8.07292          0.0000000000 
 156                8.12500          0.0000000000 
 157                8.17708          0.0000000000 
 158                8.22917          0.0000000000 
 159                8.28125          0.0000000000 
 160                8.33333          0.0000000000 
 161                8.38542          0.0000000000 
 162                8.43750          0.0000000000 
 163                8.48958          0.0000000000 
 164                8.54167          0.0000000000 
 165                8.59375          0.0000000000 
 166                8.64583          0.0000000000 
 167                8.69792          0.0000000000 
 168                8.75000          0.0000000000 
 169                8.80208          0.0000000000 
 170                8.85417          0.0000000000 
 171                8.90625          0.0000000000 
 172                8.95833          0.0000000000 
 173                9.01042          0.0000000000 
 174                9.06250          0.0000000000 
 175                9.11458          0.0000000000 
 176                9.16667          0.0000000000 
 177                9.21875          0.0000000000 
 178                9.27083          0.0000000000 
 179                9.32292          0.0000000000 
 180                9.37500          0.0000000000 
 181                9.42708          0.0000000000 
 182                9.47917          0.0000000000 
 183                9.53125          0.0000000000 
 184                9.58333          0.0000000000 
 185                9.63542          0.0000000000 
 186                9.68750          0.0000000000 
 187                9.73958          0.0000000000 
 188                9.79167          0.0000000000 
 189                9.84375          0.0000000000 
 190                9.89583          0.0000000000 
 191                9.94792          0.0000000000 
 192               10.00000          0.0000000000 
 193               10.05208          0.0000000000 
 194               10.10417          0.0000000000 
 195               10.15625          0.0000000000 
 196               10.20833          0.0000000000 
 197               10.26042          0.0000000000 
 198               10.31250          0.0000000000 
 199               10.36458          0.0000000000 
 200               10.41667          0.0000000000 
 201               10.46875          0.0000000000 
 202               10.52083          0.0000000000 
 203               10.57292          0.0000000000 
 204               10.62500          0.0000000000 
 205               10.67708          0.0000000000 
 206               10.72917          0.0000000000 
 207               10.78125          0.0000000000 
 208               10.83333          0.0000000000 
 209               10.88542          0.0000000000 
 210               10.93750          0.0000000000 
 211               10.98958          0.0000000000 
 212               11.04167          0.0000000000 
 213               11.09375          0.0000000000 
 214               11.14583          0.0000000000 
 215               11.19792          0.0000000000 
 216               11.25000          0.0000000000 
 217               11.30208          0.0000000000 
 218               11.35417          0.0000000000 
 219               11.40625          0.0000000000 
 220               11.45833          0.0000000000 
 221               11.51042          0.0000000000 
 222               11.56250          0.0000000000 
 223               11.61458          0.0000000000 
 224               11.66667          0.0000000000 
 225               11.71875          0.0000000000 
 226               11.77083          0.0000000000 
 227               11.82292          0.0000000000 
 228               11.87500          0.0000000000 
 229               11.92708          0.0000000000 
 230               11.97917          0.0000000000 
 231               12.03125          0.0000000000 
 232               12.08333          0.0000000000 
 233               12.13542          0.0000000000 
 234               12.18750          0.0000000000 
 235               12.23958          0.0000000000 
 236               12.29167          0.0000000000 
 237               12.34375          0.0000000000 
 238               12.39583          0.0000000000 
 239               12.44792          0.0000000000 
 240               12.50000          0.0000000000 
 241               12.55208          0.0000000000 
 242               12.60417          0.0000000000 
 243               12.65625          0.0000000000 
 244               12.70833          0.0000000000 
 245               12.76042          0.0000000000 
 246               12.81250          0.0000000000 
 247               12.86458          0.0000000000 
 248               12.91667          0.0000000000 
 249               12.96875          0.0000000000 
 250               13.02083          0.0000000000 
 251               13.07292          0.0000000000 
 252               13.12500          0.0000000000 
 253               13.17708          0.0000000000 
 254               13.22917          0.0000000000 
 255               13.28125          0.0000000000 
 256               13.33333          0.0000000000 
 257               13.38542          0.0000000000 
 258               13.43750          0.0000000000 
 259               13.48958          0.0000000000 
 260               13.54167          0.0000000000 
 261               13.59375          0.0014639051 
 262               13.64583          0.0053162769 
 263               13.69792          0.0115598800 
 264               13.75000          0.0207160802 
 265               13.80208          0.0332961051 
 266               13.85417          0.0497747803 
 267               13.90625          0.0705888640 
 268               13.95833          0.0961215258 
 269               14.01042          0.1266537782 
 270               14.06250          0.1623165920 
 271               14.11458          0.2030851938 
 272               14.16667          0.2487525924 
 273               14.21875          0.2989080501 
 274               14.27083          0.3529603866 
 275               14.32292          0.4101987563 
 276               14.37500          0.4698150016 
 277               14.42708          0.5309184241 
 278               14.47917          0.5925689858 
 279               14.53125          0.6538139848 
 280               14.58333          0.7136840149 
 281               14.63542          0.7711214947 
 282               14.68750          0.8249701145 
 283               14.73958          0.8739548410 
 284               14.79167          0.9167136564 
 285               14.84375          0.9518775527 
 286               14.89583          0.9781522707 
 287               14.94792          0.9944517242 
 288               15.00000          1.0000000000 
 289               15.05208          0.9944498503 
 290               15.10417          0.9779282521 
 291               15.15625          0.9509585300 
 292               15.20833          0.9143833741 
 293               15.26042          0.8692815999 
 294               15.31250          0.8169012597 
 295               15.36458          0.7585655484 
 296               15.41667          0.6956046405 
 297               15.46875          0.6293590342 
 298               15.52083          0.5611501513 
 299               15.57292          0.4922836536 
 300               15.62500          0.4240451348 
 301               15.67708          0.3577019401 
 302               15.72917          0.2944766793 
 303               15.78125          0.2354695765 
 304               15.83333          0.1816430322 
 305               15.88542          0.1337767332 
 306               15.93750          0.0924203670 
 307               15.98958          0.0578456451 
 308               16.04167          0.0300385525 
 309               16.09375          0.0087551083 
 310               16.14583         -0.0064563354 
 311               16.19792         -0.0162256966 
 312               16.25000         -0.0213330039 
 313               16.30208         -0.0226708633 
 314               16.35417         -0.0212237806 
 315               16.40625         -0.0180349491 
 316               16.45833         -0.0141324777 
 317               16.51042         -0.0105043478 
 318               16.56250         -0.0080665936 
 319               16.61458         -0.0076437269 
 320               16.66667         -0.0099044338 
 321               16.71875         -0.0153299511 
 322               16.77083         -0.0242474286 
 323               16.82292         -0.0368105407 
 324               16.87500         -0.0529830782 
 325               16.92708         -0.0725080393 
 326               16.97917         -0.0949490273 
 327               17.03125         -0.1197423424 
 328               17.08333         -0.1462161414 
 329               17.13542         -0.1736235257 
 330               17.18750         -0.2011753624 
 331               17.23958         -0.2280597395 
 332               17.29167         -0.2534512873 
 333               17.34375         -0.2765383237 
 334               17.39583         -0.2965635119 
 335               17.44792         -0.3128381796 
 336               17.50000         -0.3247633646 
 337               17.55208         -0.3318718321 
 338               17.60417         -0.3338585274 
 339               17.65625         -0.3305846427 
 340               17.70833         -0.3220456986 
 341               17.76042         -0.3083687752 
 342               17.81250         -0.2898101720 
 343               17.86458         -0.2667733441 
 344               17.91667         -0.2397959473 
 345               17.96875         -0.2094988524 
 346               18.02083         -0.1765566382 
 347               18.07292         -0.1416829634 
 348               18.12500         -0.1056228777 
 349               18.17708         -0.0691139946 
 350               18.22917         -0.0328659563 
 351               18.28125          0.0024487093 
 352               18.33333          0.0361941307 
 353               18.38542          0.0677704869 
 354               18.43750          0.0966444937 
 355               18.48958          0.1223641111 
 356               18.54167          0.1445864893 
 357               18.59375          0.1630700172 
 358               18.64583          0.1776593924 
 359               18.69792          0.1882942820 
 360               18.75000          0.1949907535 
 361               18.80208          0.1978651103 
 362               18.85417          0.1971282071 
 363               18.90625          0.1930582520 
 364               18.95833          0.1859924063 
 365               19.01042          0.1763188322 
 366               19.06250          0.1644963173 
 367               19.11458          0.1510215368 
 368               19.16667          0.1363896300 
 369               19.21875          0.1210844763 
 370               19.27083          0.1055674765 
 371               19.32292          0.0902865683 
 372               19.37500          0.0756430774 
 373               19.42708          0.0619687040 
 374               19.47917          0.0495264635 
 375               19.53125          0.0385186374 
 376               19.58333          0.0291047206 
 377               19.63542          0.0213746383 
 378               19.68750          0.0153498462 
 379               19.73958          0.0109776920 
 380               19.79167          0.0081216001 
 381               19.84375          0.0065863778 
 382               19.89583          0.0061146209 
 383               19.94792          0.0063999367 
 384               20.00000          0.0070939847 
 385               20.05208          0.0078369857 
 386               20.10417          0.0083129690 
 387               20.15625          0.0082364476 
 388               20.20833          0.0073511889 
 389               20.26042          0.0054370548 
 390               20.31250          0.0023304667 
 391               20.36458         -0.0020435236 
 392               20.41667         -0.0077037264 
 393               20.46875         -0.0146016056 
 394               20.52083         -0.0226064866 
 395               20.57292         -0.0315000515 
 396               20.62500         -0.0409933293 
 397               20.67708         -0.0507759434 
 398               20.72917         -0.0604964177 
 399               20.78125         -0.0697904436 
 400               20.83333         -0.0783064519 
 401               20.88542         -0.0857247073 
 402               20.93750         -0.0917545686 
 403               20.98958         -0.0961327096 
 404               21.04167         -0.0986840140 
 405               21.09375         -0.0993187595 
 406               21.14583         -0.0980175556 
 407               21.19792         -0.0948188370 
 408               21.25000         -0.0898495461 
 409               21.30208         -0.0833426605 
 410               21.35417         -0.0755953939 
 411               21.40625         -0.0669459553 
 412               21.45833         -0.0577678416 
 413               21.51042         -0.0484870060 
 414               21.56250         -0.0395399378 
 415               21.61458         -0.0313214943 
 416               21.66667         -0.0241646307 
 417               21.71875         -0.0183401730 
 418               21.77083         -0.0140755621 
 419               21.82292         -0.0115204928 
 420               21.87500         -0.0107466561 
 421               21.92708         -0.0117599438 
 422               21.97917         -0.0144923350 
 423               22.03125         -0.0188110965 
 424               22.08333         -0.0244943042 
 425               22.13542         -0.0312475031 
 426               22.18750         -0.0387077695 
 427               22.23958         -0.0464458735 
 428               22.29167         -0.0540126579 
 429               22.34375         -0.0609453551 
 430               22.39583         -0.0667984984 
 431               22.44792         -0.0711583645 
 432               22.50000         -0.0736723663 
 433               22.55208         -0.0740888935 
 434               22.60417         -0.0722675504 
 435               22.65625         -0.0681925953 
 436               22.70833         -0.0619551718 
 437               22.76042         -0.0537503936 
 438               22.81250         -0.0438659552 
 439               22.86458         -0.0326757627 
 440               22.91667         -0.0206075376 
 441               22.96875         -0.0081067352 
 442               23.02083          0.0043774996 
 443               23.07292          0.0163996069 
 444               23.12500          0.0275242977 
 445               23.17708          0.0373854054 
 446               23.22917          0.0456988523 
 447               23.28125          0.0522475228 
 448               23.33333          0.0568612155 
 449               23.38542          0.0594316560 
 450               23.43750          0.0599329815 
 451               23.48958          0.0583999728 
 452               23.54167          0.0549353970 
 453               23.59375          0.0497145362 
 454               23.64583          0.0429990901 
 455               23.69792          0.0351290400 
 456               23.75000          0.0265087568 
 457               23.80208          0.0175771282 
 458               23.85417          0.0087660758 
 459               23.90625          0.0004796919 
 460               23.95833         -0.0069257342 
 461               24.01042         -0.0131583051 
 462               24.06250         -0.0179994146 
 463               24.11458         -0.0213000403 
 464               24.16667         -0.0229897988 
 465               24.21875         -0.0230694767 
 466               24.27083         -0.0216035905 
 467               24.32292         -0.0187176993 
 468               24.37500         -0.0146140690 
 469               24.42708         -0.0095666347 
 470               24.47917         -0.0038884143 
 471               24.53125          0.0020813572 
 472               24.58333          0.0079852891 
 473               24.63542          0.0134518133 
 474               24.68750          0.0181220922 
 475               24.73958          0.0216823917 
 476               24.79167          0.0238861437 
 477               24.84375          0.0245533744 
 478               24.89583          0.0235738897 
 479               24.94792          0.0209357380 
 480               25.00000          0.0167244959 
 481               25.05208          0.0111010743 
 482               25.10417          0.0042800567 
 483               25.15625         -0.0034703941 
 484               25.20833         -0.0118378872 
 485               25.26042         -0.0204915264 
 486               25.31250         -0.0290737043 
 487               25.36458         -0.0372113060 
 488               25.41667         -0.0445446196 
 489               25.46875         -0.0507446643 
 490               25.52083         -0.0555194838 
 491               25.57292         -0.0586351167 
 492               25.62500         -0.0599564910 
 493               25.67708         -0.0594595730 
 494               25.72917         -0.0572271815 
 495               25.78125         -0.0534384924 
 496               25.83333         -0.0483594780 
 497               25.88542         -0.0423194464 
 498               25.93750         -0.0356817788 
 499               25.98958         -0.0288159308 
 500               26.04167         -0.0220689776 
 501               26.09375         -0.0157719721 
 502               26.14583         -0.0102324108 
 503               26.19792         -0.0057321528 
 504               26.25000         -0.0025295940 
 505               26.30208         -0.0008535334 
 506               26.35417         -0.0008881171 
 507               26.40625         -0.0027419519 
 508               26.45833         -0.0064550076 
 509               26.51042         -0.0119858092 
 510               26.56250         -0.0191894113 
 511               26.61458         -0.0278235643 
 512               26.66667         -0.0375745577 
 513               26.71875         -0.0480874120 
 514               26.77083         -0.0589696082 
 515               26.82292         -0.0698090451 
 516               26.87500         -0.0802062741 
 517               26.92708         -0.0897916456 
 518               26.97917         -0.0982287294 
 519               27.03125         -0.1052134513 
 520               27.08333         -0.1104776437 
 521               27.13542         -0.1138023233 
 522               27.18750         -0.1150196706 
 523               27.23958         -0.1140186759 
 524               27.29167         -0.1107778318 
 525               27.34375         -0.1053753448 
 526               27.39583         -0.0979953212 
 527               27.44792         -0.0889155696 
 528               27.50000         -0.0785005914 
 529               27.55208         -0.0671782208 
 530               27.60417         -0.0553804542 
 531               27.65625         -0.0435184077 
 532               27.70833         -0.0319573546 
 533               27.76042         -0.0210085799 
 534               27.81250         -0.0109293759 
 535               27.86458         -0.0019354851 
 536               27.91667          0.0057867854 
 537               27.96875          0.0120854310 
 538               28.02083          0.0168311163 
 539               28.07292          0.0199189573 
 540               28.12500          0.0213023035 
 541               28.17708          0.0210071680 
 542               28.22917          0.0191319363 
 543               28.28125          0.0158377166 
 544               28.33333          0.0113627214 
 545               28.38542          0.0060194377 
 546               28.43750          0.0001419509 
 547               28.48958         -0.0059230316 
 548               28.54167         -0.0118419548 
 549               28.59375         -0.0173105000 
 550               28.64583         -0.0220943220 
 551               28.69792         -0.0260440240 
 552               28.75000         -0.0290672239 
 553               28.80208         -0.0311341947 
 554               28.85417         -0.0322662267 
 555               28.90625         -0.0325289965 
 556               28.95833         -0.0320008102 
 557               29.01042         -0.0307654173 
 558               29.06250         -0.0289173175 
 559               29.11458         -0.0265638739 
 560               29.16667         -0.0238284534 
 561               29.21875         -0.0208422079 
 562               29.27083         -0.0177532744 
 563               29.32292         -0.0147251579 
 564               29.37500         -0.0119397982 
 565               29.42708         -0.0095781806 
 566               29.47917         -0.0077844023 
 567               29.53125         -0.0066706221 
 568               29.58333         -0.0063132692 
 569               29.63542         -0.0067344986 
 570               29.68750         -0.0078827599 
 571               29.73958         -0.0096528942 
 572               29.79167         -0.0119293966 
 573               29.84375         -0.0145698101 
 574               29.89583         -0.0173934228 
 575               29.94792         -0.0202050128 
 576               30.00000         -0.0228225505 
 577               30.05208         -0.0250672923 
 578               30.10417         -0.0267467511 
 579               30.15625         -0.0276856502 
 580               30.20833         -0.0277632387 
 581               30.26042         -0.0269021109 
 582               30.31250         -0.0250502407 
 583               30.36458         -0.0221973686 
 584               30.41667         -0.0183967618 
 585               30.46875         -0.0137391955 
 586               30.52083         -0.0083155714 
 587               30.57292         -0.0022456582 
 588               30.62500          0.0042905362 
 589               30.67708          0.0110768696 
 590               30.72917          0.0178902841 
 591               30.78125          0.0244806079 
 592               30.83333          0.0305622674 
 593               30.88542          0.0358643067 
 594               30.93750          0.0401806771 
 595               30.98958          0.0433674453 
 596               31.04167          0.0453477476 
 597               31.09375          0.0461332623 
 598               31.14583          0.0458147908 
 599               31.19792          0.0445296487 
 600               31.25000          0.0424304379 
 601               31.30208          0.0396724044 
 602               31.35417          0.0363986646 
 603               31.40625          0.0327251135 
 604               31.45833          0.0287472877 
 605               31.51042          0.0245513322 
 606               31.56250          0.0202284834 
 607               31.61458          0.0158733431 
 608               31.66667          0.0115763529 
 609               31.71875          0.0074285045 
 610               31.77083          0.0035172084 
 611               31.82292         -0.0000801628 
 612               31.87500         -0.0033155605 
 613               31.92708         -0.0061577306 
 614               31.97917         -0.0085897118 
 615               32.03125         -0.0106095688 
 616               32.08333         -0.0122317318 
 617               32.13542         -0.0134918804 
 618               32.18750         -0.0144286347 
 619               32.23958         -0.0150972154 
 620               32.29167         -0.0155695330 
 621               32.34375         -0.0159384715 
 622               32.39583         -0.0163054969 
 623               32.44792         -0.0167688927 
 624               32.50000         -0.0174346206 
 625               32.55208         -0.0183914441 
 626               32.60417         -0.0196909230 
 627               32.65625         -0.0213353904 
 628               32.70833         -0.0232958933 
 629               32.76042         -0.0255103085 
 630               32.81250         -0.0278785028 
 631               32.86458         -0.0302915562 
 632               32.91667         -0.0326444077 
 633               32.96875         -0.0348508848 
 634               33.02083         -0.0368279581 
 635               33.07292         -0.0384946280 
 636               33.12500         -0.0397735092 
 637               33.17708         -0.0405801615 
 638               33.22917         -0.0408416913 
 639               33.28125         -0.0404821711 
 640               33.33333         -0.0394362210 
 641               33.38542         -0.0376761888 
 642               33.43750         -0.0352165652 
 643               33.48958         -0.0321117848 
 644               33.54167         -0.0284316492 
 645               33.59375         -0.0242750590 
 646               33.64583         -0.0197643232 
 647               33.69792         -0.0150165851 
 648               33.75000         -0.0101387021 
 649               33.80208         -0.0052251932 
 650               33.85417         -0.0003750096 
 651               33.90625          0.0043171951 
 652               33.95833          0.0087665610 
 653               34.01042          0.0128869483 
 654               34.06250          0.0165896049 
 655               34.11458          0.0197831649 
 656               34.16667          0.0224021065 
 657               34.21875          0.0243998002 
 658               34.27083          0.0257489426 
 659               34.32292          0.0264458768 
 660               34.37500          0.0265229221 
 661               34.42708          0.0260408575 
 662               34.47917          0.0250522331 
 663               34.53125          0.0236190160 
 664               34.58333          0.0218035149 
 665               34.63542          0.0196714159 
 666               34.68750          0.0172658482 
 667               34.73958          0.0146104514 
 668               34.79167          0.0117384665 
 669               34.84375          0.0086689964 
 670               34.89583          0.0054099335 
 671               34.94792          0.0019473336 
 672               35.00000         -0.0017266545 
 673               35.05208         -0.0056125792 
 674               35.10417         -0.0097206153 
 675               35.15625         -0.0140518268 
 676               35.20833         -0.0185948906 
 677               35.26042         -0.0233119705 
 678               35.31250         -0.0281538533 
 679               35.36458         -0.0330500965 
 680               35.41667         -0.0379115848 
 681               35.46875         -0.0426419062 
 682               35.52083         -0.0471363639 
 683               35.57292         -0.0512979011 
 684               35.62500         -0.0550439520 
 685               35.67708         -0.0583108373 
 686               35.72917         -0.0610327630 
 687               35.78125         -0.0631406459 
 688               35.83333         -0.0645761554 
 689               35.88542         -0.0652855139 
 690               35.93750         -0.0652060434 
 691               35.98958         -0.0642766097 
 692               36.04167         -0.0624653629 
 693               36.09375         -0.0597729969 
 694               36.14583         -0.0562160429 
 695               36.19792         -0.0518229103 
 696               36.25000         -0.0466383057 
 697               36.30208         -0.0407354837 
 698               36.35417         -0.0342062845 
 699               36.40625         -0.0271528694 
 700               36.45833         -0.0196935154 
 701               36.51042         -0.0119685312 
 702               36.56250         -0.0041510886 
 703               36.61458          0.0035802399 
 704               36.66667          0.0110555959 
 705               36.71875          0.0181169456 
 706               36.77083          0.0246173888 
 707               36.82292          0.0304267074 
 708               36.87500          0.0354486960 
 709               36.92708          0.0396002823 
 710               36.97917          0.0427991665 
 711               37.03125          0.0449638503 
 712               37.08333          0.0460278106 
 713               37.13542          0.0459394638 
 714               37.18750          0.0446611783 
 715               37.23958          0.0422158202 
 716               37.29167          0.0386939963 
 717               37.34375          0.0342431794 
 718               37.39583          0.0290404828 
 719               37.44792          0.0232911790 
 720               37.50000          0.0172199427 
 721               37.55208          0.0110082655 
 722               37.60417          0.0047948184 
 723               37.65625         -0.0013161437 
 724               37.70833         -0.0072467753 
 725               37.76042         -0.0129482888 
 726               37.81250         -0.0183983480 
 727               37.86458         -0.0235594625 
 728               37.91667         -0.0283927953 
 729               37.96875         -0.0328747750 
 730               38.02083         -0.0369745242 
 731               38.07292         -0.0406460840 
 732               38.12500         -0.0438219357 
 733               38.17708         -0.0464390628 
 734               38.22917         -0.0484352635 
 735               38.28125         -0.0497374499 
 736               38.33333         -0.0502889653 
 737               38.38542         -0.0500650816 
 738               38.43750         -0.0490950232 
 739               38.48958         -0.0474582054 
 740               38.54167         -0.0452770515 
 741               38.59375         -0.0426978307 
 742               38.64583         -0.0398767303 
 743               38.69792         -0.0369659541 
 744               38.75000         -0.0340906800 
 745               38.80208         -0.0313196584 
 746               38.85417         -0.0286656278 
 747               38.90625         -0.0261165604 
 748               38.95833         -0.0236386235 
 749               39.01042         -0.0211847708 
 750               39.06250         -0.0186989748 
 751               39.11458         -0.0161506298 
 752               39.16667         -0.0135350592 
 753               39.21875         -0.0108519862 
 754               39.27083         -0.0081117326 
 755               39.32292         -0.0053275191 
 756               39.37500         -0.0025221139 
 757               39.42708          0.0002865913 
 758               39.47917          0.0030766463 
 759               39.53125          0.0058073615 
 760               39.58333          0.0084363199 
 761               39.63542          0.0109144404 
 762               39.68750          0.0131902261 
 763               39.73958          0.0152060404 
 764               39.79167          0.0169146044 
 765               39.84375          0.0182951604 
 766               39.89583          0.0193307599 
 767               39.94792          0.0200203573 
 768               40.00000          0.0203774063 
 769               40.05208          0.0204319145 
 770               40.10417          0.0202102505 
 771               40.15625          0.0197259928 
 772               40.20833          0.0190019442 
 773               40.26042          0.0180420845 
 774               40.31250          0.0168301936 
 775               40.36458          0.0153371999 
 776               40.41667          0.0135504591 
 777               40.46875          0.0114641699 
 778               40.52083          0.0090559427 
 779               40.57292          0.0063242978 
 780               40.62500          0.0033007251 
 781               40.67708          0.0000428582 
 782               40.72917         -0.0033954957 
 783               40.78125         -0.0069515136 
 784               40.83333         -0.0105263380 
 785               40.88542         -0.0140222644 
 786               40.93750         -0.0173632005 
 787               40.98958         -0.0204990962 
 788               41.04167         -0.0233872050 
 789               41.09375         -0.0259967509 
 790               41.14583         -0.0283315783 
 791               41.19792         -0.0304017009 
 792               41.25000         -0.0322004854 
 793               41.30208         -0.0336999194 
 794               41.35417         -0.0348732217 
 795               41.40625         -0.0356960847 
 796               41.45833         -0.0361311129 
 797               41.51042         -0.0361460289 
 798               41.56250         -0.0357357372 
 799               41.61458         -0.0349285433 
 800               41.66667         -0.0337592053 
 801               41.71875         -0.0322617634 
 802               41.77083         -0.0304855024 
 803               41.82292         -0.0284870055 
 804               41.87500         -0.0263248601 
 805               41.92708         -0.0240487559 
 806               41.97917         -0.0217125258 
 807               42.03125         -0.0193766642 
 808               42.08333         -0.0170872666 
 809               42.13542         -0.0148803007 
 810               42.18750         -0.0127713287 
 811               42.23958         -0.0107594017 
 812               42.29167         -0.0088179502 
 813               42.34375         -0.0069010386 
 814               42.39583         -0.0049741480 
 815               42.44792         -0.0030044689 
 816               42.50000         -0.0009641855 
 817               42.55208          0.0011657902 
 818               42.60417          0.0033775100 
 819               42.65625          0.0056373777 
 820               42.70833          0.0079182155 
 821               42.76042          0.0101916473 
 822               42.81250          0.0124224160 
 823               42.86458          0.0145612742 
 824               42.91667          0.0165589235 
 825               42.96875          0.0183774527 
 826               43.02083          0.0199719136 
 827               43.07292          0.0212954989 
 828               43.12500          0.0223063277 
 829               43.17708          0.0229828322 
 830               43.22917          0.0233134117 
 831               43.28125          0.0232856951 
 832               43.33333          0.0229046492 
 833               43.38542          0.0221758624 
 834               43.43750          0.0210917435 
 835               43.48958          0.0196355649 
 836               43.54167          0.0178040007 
 837               43.59375          0.0155996987 
 838               43.64583          0.0130023035 
 839               43.69792          0.0099943094 
 840               43.75000          0.0065804628 
 841               43.80208          0.0027745503 
 842               43.85417         -0.0014196009 
 843               43.90625         -0.0059862585 
 844               43.95833         -0.0108691971 
 845               44.01042         -0.0159870800 
 846               44.06250         -0.0212479808 
 847               44.11458         -0.0265478413 
 848               44.16667         -0.0317662383 
 849               44.21875         -0.0367848234 
 850               44.27083         -0.0415047465 
 851               44.32292         -0.0458455581 
 852               44.37500         -0.0497300015 
 853               44.42708         -0.0530792741 
 854               44.47917         -0.0558146295 
 855               44.53125         -0.0578630370 
 856               44.58333         -0.0591602196 
 857               44.63542         -0.0596495554 
 858               44.68750         -0.0592970092 
 859               44.73958         -0.0581125817 
 860               44.79167         -0.0561540766 
 861               44.84375         -0.0534920492 
 862               44.89583         -0.0502014007 
 863               44.94792         -0.0463677088 
 864               45.00000         -0.0420901487 
 865               45.05208         -0.0374497288 
 866               45.10417         -0.0325025954 
 867               45.15625         -0.0273257975 
 868               45.20833         -0.0220121983 
 869               45.26042         -0.0166622531 
 870               45.31250         -0.0113691147 
 871               45.36458         -0.0062292099 
 872               45.41667         -0.0013445635 
 873               45.46875          0.0032126281 
 874               45.52083          0.0073950486 
 875               45.57292          0.0111844612 
 876               45.62500          0.0145768749 
 877               45.67708          0.0175766442 
 878               45.72917          0.0201981075 
 879               45.78125          0.0224505690 
 880               45.83333          0.0243373114 
 881               45.88542          0.0258439121 
 882               45.93750          0.0269584745 
 883               45.98958          0.0276730734 
 884               46.04167          0.0279756112 
 885               46.09375          0.0278603294 
 886               46.14583          0.0273332193 
 887               46.19792          0.0264221628 
 888               46.25000          0.0251561306 
 889               46.30208          0.0235658307 
 890               46.35417          0.0217077316 
 891               46.40625          0.0196350435 
 892               46.45833          0.0173811111 
 893               46.51042          0.0149507954 
 894               46.56250          0.0123366638 
 895               46.61458          0.0095276818 
 896               46.66667          0.0064829058 
 897               46.71875          0.0031659368 
 898               46.77083         -0.0004323485 
 899               46.82292         -0.0042776086 
 900               46.87500         -0.0083070934 
 901               46.92708         -0.0124530136 
 902               46.97917         -0.0166303118 
 903               47.03125         -0.0207492952 
 904               47.08333         -0.0247316708 
 905               47.13542         -0.0285389802 
 906               47.18750         -0.0321573986 
 907               47.23958         -0.0355561330 
 908               47.29167         -0.0386855528 
 909               47.34375         -0.0414872204 
 910               47.39583         -0.0438910274 
 911               47.44792         -0.0457874560 
 912               47.50000         -0.0470479658 
 913               47.55208         -0.0475713140 
 914               47.60417         -0.0473056957 
 915               47.65625         -0.0462386047 
 916               47.70833         -0.0443973070 
 917               47.76042         -0.0418697488 
 918               47.81250         -0.0387766244 
 919               47.86458         -0.0352478969 
 920               47.91667         -0.0313993643 
 921               47.96875         -0.0273336919 
 922               48.02083         -0.0231360177 
 923               48.07292         -0.0188561667 
 924               48.12500         -0.0145426211 
 925               48.17708         -0.0102509536 
 926               48.22917         -0.0060531905 
 927               48.28125         -0.0020319606 
 928               48.33333          0.0017219341 
 929               48.38542          0.0050977543 
 930               48.43750          0.0079949525 
 931               48.48958          0.0103329806 
 932               48.54167          0.0120768895 
 933               48.59375          0.0132286972 
 934               48.64583          0.0138170480 
 935               48.69792          0.0138946309 
 936               48.75000          0.0135212196 
 937               48.80208          0.0127677676 
 938               48.85417          0.0116843762 
 939               48.90625          0.0102977155 
 940               48.95833          0.0086225291 
 941               49.01042          0.0066813605 
 942               49.06250          0.0045170032 
 943               49.11458          0.0021792266 
 944               49.16667         -0.0002725727 
 945               49.21875         -0.0027599458 
 946               49.27083         -0.0051949523 
 947               49.32292         -0.0075001910 
 948               49.37500         -0.0096159470 
 949               49.42708         -0.0115049892 
 950               49.47917         -0.0131494332 
 951               49.53125         -0.0145614932 
 952               49.58333         -0.0157761809 
 953               49.63542         -0.0168469478 
 954               49.68750         -0.0178502342 
 955               49.73958         -0.0188594484 
 956               49.79167         -0.0199391194 
 957               49.84375         -0.0211303097 
 958               49.89583         -0.0224560932 
 959               49.94792         -0.0239161497 
 960               50.00000         -0.0254857081 
 961               50.05208         -0.0271493964 
 962               50.10417         -0.0288907192 
 963               50.15625         -0.0306942040 
 964               50.20833         -0.0325389630 
 965               50.26042         -0.0344060100 
 966               50.31250         -0.0362657247 
 967               50.36458         -0.0380427143 
 968               50.41667         -0.0396347506 
 969               50.46875         -0.0409394216 
 970               50.52083         -0.0418658722 
 971               50.57292         -0.0423302716 
 972               50.62500         -0.0422651666 
 973               50.67708         -0.0416475003 
 974               50.72917         -0.0404928086 
 975               50.78125         -0.0388219971 
 976               50.83333         -0.0366527437 
 977               50.88542         -0.0339978480 
 978               50.93750         -0.0308731437 
 979               50.98958         -0.0272923601 
 980               51.04167         -0.0232770407 
 981               51.09375         -0.0188773523 
 982               51.14583         -0.0141710563 
 983               51.19792         -0.0092666227 
 984               51.25000         -0.0042957113 
 985               51.30208          0.0005894750 
 986               51.35417          0.0052388388 
 987               51.40625          0.0095162730 
 988               51.45833          0.0132965732 
 989               51.51042          0.0164724560 
 990               51.56250          0.0189611868 
 991               51.61458          0.0207176801 
 992               51.66667          0.0217190355 
 993               51.71875          0.0219705229 
 994               51.77083          0.0215078188 
 995               51.82292          0.0203822619 
 996               51.87500          0.0186552524 
 997               51.92708          0.0163850390 
 998               51.97917          0.0136445470 
 999               52.03125          0.0105012391 
 1000               52.08333          0.0070216228 
 1001               52.13542          0.0032813857 
 1002               52.18750         -0.0006355517 
 1003               52.23958         -0.0046259994 
 1004               52.29167         -0.0086000195 
 1005               52.34375         -0.0124589766 
 1006               52.39583         -0.0161127660 
 1007               52.44792         -0.0194814774 
 1008               52.50000         -0.0224913451 
 1009               52.55208         -0.0250893916 
 1010               52.60417         -0.0272219744 
 1011               52.65625         -0.0288676556 
 1012               52.70833         -0.0300243578 
 1013               52.76042         -0.0307023735 
 1014               52.81250         -0.0309328193 
 1015               52.86458         -0.0307744018 
 1016               52.91667         -0.0303158259 
 1017               52.96875         -0.0296427627 
 1018               53.02083         -0.0288233610 
 1019               53.07292         -0.0279229513 
 1020               53.12500         -0.0269990516 
 1021               53.17708         -0.0260755791 
 1022               53.22917         -0.0251457213 
 1023               53.28125         -0.0241794568 
 1024               53.33333         -0.0231595233 
 1025               53.38542         -0.0220688683 
 1026               53.43750         -0.0208924698 
 1027               53.48958         -0.0196332110 
 1028               53.54167         -0.0182981459 
 1029               53.59375         -0.0169070117 
 1030               53.64583         -0.0154640085 
 1031               53.69792         -0.0139643806 
 1032               53.75000         -0.0123874532 
 1033               53.80208         -0.0106944366 
 1034               53.85417         -0.0088503228 
 1035               53.90625         -0.0068182799 
 1036               53.95833         -0.0045721803 
 1037               54.01042         -0.0021008618 
 1038               54.06250          0.0005859578 
 1039               54.11458          0.0034555377 
 1040               54.16667          0.0064616431 
 1041               54.21875          0.0095363439 
 1042               54.27083          0.0125976139 
 1043               54.32292          0.0155612594 
 1044               54.37500          0.0183383937 
 1045               54.42708          0.0208444827 
 1046               54.47917          0.0229976839 
 1047               54.53125          0.0247289484 
 1048               54.58333          0.0259806363 
 1049               54.63542          0.0266996748 
 1050               54.68750          0.0268345472 
 1051               54.73958          0.0263277220 
 1052               54.79167          0.0251303090 
 1053               54.84375          0.0232040283 
 1054               54.89583          0.0205223057 
 1055               54.94792          0.0170799705 
 1056               55.00000          0.0129195500 
 1057               55.05208          0.0081313480 
 1058               55.10417          0.0028338158 
 1059               55.15625         -0.0028265879 
 1060               55.20833         -0.0086774293 
 1061               55.26042         -0.0145326570 
 1062               55.31250         -0.0202271540 
 1063               55.36458         -0.0256123793 
 1064               55.41667         -0.0305449183 
 1065               55.46875         -0.0348986196 
 1066               55.52083         -0.0385766773 
 1067               55.57292         -0.0415168294 
 1068               55.62500         -0.0436685229 
 1069               55.67708         -0.0449967801 
 1070               55.72917         -0.0454933883 
 1071               55.78125         -0.0451820914 
 1072               55.83333         -0.0440986029 
 1073               55.88542         -0.0422720686 
 1074               55.93750         -0.0397416238 
 1075               55.98958         -0.0365613914 
 1076               56.04167         -0.0327983423 
 1077               56.09375         -0.0285104266 
 1078               56.14583         -0.0237665005 
 1079               56.19792         -0.0186678405 
 1080               56.25000         -0.0133373855 
 1081               56.30208         -0.0079100390 
 1082               56.35417         -0.0025233303 
 1083               56.40625          0.0026724337 
 1084               56.45833          0.0075365034 
 1085               56.51042          0.0119594465 
 1086               56.56250          0.0158592882 
 1087               56.61458          0.0191778075 
 1088               56.66667          0.0218792787 
 1089               56.71875          0.0239561878 
 1090               56.77083          0.0254159438 
 1091               56.82292          0.0262716464 
 1092               56.87500          0.0265472076 
 1093               56.92708          0.0262729555 
 1094               56.97917          0.0254919515 
 1095               57.03125          0.0242546966 
 1096               57.08333          0.0226207836 
 1097               57.13542          0.0206553568 
 1098               57.18750          0.0184252683 
 1099               57.23958          0.0160065108 
 1100               57.29167          0.0134624881 
 1101               57.34375          0.0108422970 
 1102               57.39583          0.0081786770 
 1103               57.44792          0.0054899761 
 1104               57.50000          0.0027798379 
 1105               57.55208          0.0000402002 
 1106               57.60417         -0.0027395893 
 1107               57.65625         -0.0055723290 
 1108               57.70833         -0.0084657360 
 1109               57.76042         -0.0114142466 
 1110               57.81250         -0.0144014867 
 1111               57.86458         -0.0174114181 
 1112               57.91667         -0.0204152108 
 1113               57.96875         -0.0233732296 
 1114               58.02083         -0.0262374396 
 1115               58.07292         -0.0289738137 
 1116               58.12500         -0.0315548004 
 1117               58.17708         -0.0339506554 
 1118               58.22917         -0.0361435310 
 1119               58.28125         -0.0381243098 
 1120               58.33333         -0.0399003167 
 1121               58.38542         -0.0414599276 
 1122               58.43750         -0.0427735976 
 1123               58.48958         -0.0438076311 
 1124               58.54167         -0.0445151123 
 1125               58.59375         -0.0448313581 
 1126               58.64583         -0.0446782318 
 1127               58.69792         -0.0440041763 
 1128               58.75000         -0.0427972009 
 1129               58.80208         -0.0410662764 
 1130               58.85417         -0.0388539899 
 1131               58.90625         -0.0362486139 
 1132               58.95833         -0.0333563831 
 1133               59.01042         -0.0302678083 
 1134               59.06250         -0.0270499503 
 1135               59.11458         -0.0237582776 
 1136               59.16667         -0.0204298816 
 1137               59.21875         -0.0170659526 
 1138               59.27083         -0.0136710533 
 1139               59.32292         -0.0102776385 
 1140               59.37500         -0.0069323649 
 1141               59.42708         -0.0036928436 
 1142               59.47917         -0.0006254498 
 1143               59.53125          0.0021830575 
 1144               59.58333          0.0046633001 
 1145               59.63542          0.0067821078 
 1146               59.68750          0.0085204933 
 1147               59.73958          0.0098687815 
 1148               59.79167          0.0108293448 
 1149               59.84375          0.0114234084 
 1150               59.89583          0.0116740410 
 1151               59.94792          0.0115955674 
 1152               60.00000          0.0112046786 
 1153               60.05208          0.0105379077 
 1154               60.10417          0.0096431411 
 1155               60.15625          0.0085577817 
 1156               60.20833          0.0073133055 
 1157               60.26042          0.0059443098 
 1158               60.31250          0.0044935073 
 1159               60.36458          0.0029823779 
 1160               60.41667          0.0014237292 
 1161               60.46875         -0.0001420385 
 1162               60.52083         -0.0016689763 
 1163               60.57292         -0.0031267733 
 1164               60.62500         -0.0045132448 
 1165               60.67708         -0.0058103301 
 1166               60.72917         -0.0070059220 
 1167               60.78125         -0.0081265469 
 1168               60.83333         -0.0092009650 
 1169               60.88542         -0.0102337036 
 1170               60.93750         -0.0111988239 
 1171               60.98958         -0.0120914256 
 1172               61.04167         -0.0128967235 
 1173               61.09375         -0.0135740029 
 1174               61.14583         -0.0140893129 
 1175               61.19792         -0.0144353987 
 1176               61.25000         -0.0146233075 
 1177               61.30208         -0.0146428789 
 1178               61.35417         -0.0144992595 
 1179               61.40625         -0.0142173592 
 1180               61.45833         -0.0138227471 
 1181               61.51042         -0.0133248370 
 1182               61.56250         -0.0127277503 
 1183               61.61458         -0.0120690707 
 1184               61.66667         -0.0113863537 
 1185               61.71875         -0.0107150287 
 1186               61.77083         -0.0100876461 
 1187               61.82292         -0.0095515911 
 1188               61.87500         -0.0091724842 
 1189               61.92708         -0.0089839979 
 1190               61.97917         -0.0090081478 
 1191               62.03125         -0.0092478415 
 1192               62.08333         -0.0097022397 
 1193               62.13542         -0.0103538430 
 1194               62.18750         -0.0111543519 
 1195               62.23958         -0.0120732978 
 1196               62.29167         -0.0130884367 
 1197               62.34375         -0.0141982603 
 1198               62.39583         -0.0153972644 
 1199               62.44792         -0.0166768260 
 1200               62.50000         -0.0180383623 
 1201               62.55208         -0.0194458298 
 1202               62.60417         -0.0208266253 
 1203               62.65625         -0.0220746577 
 1204               62.70833         -0.0230849722 
 1205               62.76042         -0.0237616729 
 1206               62.81250         -0.0240115694 
 1207               62.86458         -0.0237927481 
 1208               62.91667         -0.0231269582 
 1209               62.96875         -0.0220822237 
 1210               63.02083         -0.0207390694 
 1211               63.07292         -0.0191819656 
 1212               63.12500         -0.0175010473 
 1213               63.17708         -0.0157631242 
 1214               63.22917         -0.0139997678 
 1215               63.28125         -0.0122244436 
 1216               63.33333         -0.0104517932 
 1217               63.38542         -0.0087031659 
 1218               63.43750         -0.0070119383 
 1219               63.48958         -0.0054287400 
 1220               63.54167         -0.0040159792 
 1221               63.59375         -0.0028284928 
 1222               63.64583         -0.0019068210 
 1223               63.69792         -0.0012756281 
 1224               63.75000         -0.0009394463 
 1225               63.80208         -0.0008795646 
 1226               63.85417         -0.0010649105 
 1227               63.90625         -0.0014735718 
 1228               63.95833         -0.0020951031 
 1229               64.01042         -0.0029325604 
 1230               64.06250         -0.0039819868 
 1231               64.11458         -0.0052322199 
 1232               64.16667         -0.0066599404 
 1233               64.21875         -0.0082156270 
 1234               64.27083         -0.0098238718 
 1235               64.32292         -0.0113763307 
 1236               64.37500         -0.0127635259 
 1237               64.42708         -0.0138871017 
 1238               64.47917         -0.0146692664 
 1239               64.53125         -0.0150717139 
 1240               64.58333         -0.0150900690 
 1241               64.63542         -0.0147681525 
 1242               64.68750         -0.0141838547 
 1243               64.73958         -0.0134332314 
 1244               64.79167         -0.0126187266 
 1245               64.84375         -0.0118211731 
 1246               64.89583         -0.0111155195 
 1247               64.94792         -0.0105482179 
 1248               65.00000         -0.0101365142 
 1249               65.05208         -0.0098918325 
 1250               65.10417         -0.0098217389 
 1251               65.15625         -0.0099382173 
 1252               65.20833         -0.0102341492 
 1253               65.26042         -0.0107031163 
 1254               65.31250         -0.0113532057 
 1255               65.36458         -0.0121772212 
 1256               65.41667         -0.0131493955 
 1257               65.46875         -0.0142361191 
 1258               65.52083         -0.0154124816 
 1259               65.57292         -0.0166545215 
 1260               65.62500         -0.0179151913 
 1261               65.67708         -0.0191387928 
 1262               65.72917         -0.0202770659 
 1263               65.78125         -0.0212855921 
 1264               65.83333         -0.0221234416 
 1265               65.88542         -0.0227561081 
 1266               65.93750         -0.0231665123 
 1267               65.98958         -0.0233615581 
 1268               66.04167         -0.0233557530 
 1269               66.09375         -0.0231752288 
 1270               66.14583         -0.0228478103 
 1271               66.19792         -0.0223990418 
 1272               66.25000         -0.0218570311 
 1273               66.30208         -0.0212376622 
 1274               66.35417         -0.0205581439 
 1275               66.40625         -0.0198276290 
 1276               66.45833         -0.0190563211 
 1277               66.51042         -0.0182568346 
 1278               66.56250         -0.0174438447 
 1279               66.61458         -0.0166476236 
 1280               66.66667         -0.0158957955 
 1281               66.71875         -0.0152111005 
 1282               66.77083         -0.0146086218 
 1283               66.82292         -0.0141010094 
 1284               66.87500         -0.0136878093 
 1285               66.92708         -0.0133450395 
 1286               66.97917         -0.0130390063 
 1287               67.03125         -0.0127350352 
 1288               67.08333         -0.0123928708 
 1289               67.13542         -0.0119559922 
 1290               67.18750         -0.0113664745 
 1291               67.23958         -0.0105797993 
 1292               67.29167         -0.0095637427 
 1293               67.34375         -0.0082892153 
 1294               67.39583         -0.0067425780 
 1295               67.44792         -0.0049447731 
 1296               67.50000         -0.0029412785 
 1297               67.55208         -0.0007783775 
 1298               67.60417          0.0015064506 
 1299               67.65625          0.0038615664 
 1300               67.70833          0.0062301972 
 1301               67.76042          0.0085788384 
 1302               67.81250          0.0108919352 
 1303               67.86458          0.0131427168 
 1304               67.91667          0.0152747666 
 1305               67.96875          0.0172354387 
 1306               68.02083          0.0189791214 
 1307               68.07292          0.0204383685 
 1308               68.12500          0.0215286529 
 1309               68.17708          0.0221722255 
 1310               68.22917          0.0222662577 
 1311               68.28125          0.0218804526 
 1312               68.33333          0.0208560176 
 1313               68.38542          0.0192919669 
 1314               68.43750          0.0171854427 
 1315               68.48958          0.0147339909 
 1316               68.54167          0.0119043811 
 1317               68.59375          0.0085919560 
 1318               68.64583          0.0052453081 
 1319               68.69792          0.0016114333 
 1320               68.75000         -0.0017577033 
 1321               68.80208         -0.0054406422 
 1322               68.85417         -0.0087767662 
 1323               68.90625         -0.0123870099 
 1324               68.95833         -0.0160411345 
 1325               69.01042         -0.0199762346 
 1326               69.06250         -0.0231301616 
 1327               69.11458         -0.0261235066 
 1328               69.16667         -0.0289225682 
 1329               69.21875         -0.0314504364 
 1330               69.27083         -0.0336232019 
 1331               69.32292         -0.0353854425 
 1332               69.37500         -0.0366169015 
 1333               69.42708         -0.0376253621 
 1334               69.47917         -0.0380434099 
 1335               69.53125         -0.0385012286 
 1336               69.58333         -0.0388288770 
 1337               69.63542         -0.0390204674 
 1338               69.68750         -0.0390296482 
 1339               69.73958         -0.0388257435 
 1340               69.79167         -0.0384610191 
 1341               69.84375         -0.0375737505 
 1342               69.89583         -0.0364900950 
 1343               69.94792         -0.0354562507 
 1344               70.00000         -0.0336369377 
 1345               70.05208         -0.0314719372 
 1346               70.10417         -0.0295311732 
 1347               70.15625         -0.0277244025 
 1348               70.20833         -0.0253389720 
 1349               70.26042         -0.0236203835 
 1350               70.31250         -0.0217876694 
 1351               70.36458         -0.0198064171 
 1352               70.41667         -0.0182772414 
 1353               70.46875         -0.0165128480 
 1354               70.52083         -0.0148023267 
 1355               70.57292         -0.0132511299 
 1356               70.62500         -0.0117390640 
 1357               70.67708         -0.0101852330 
 1358               70.72917         -0.0085359657 
 1359               70.78125         -0.0072777178 
 1360               70.83333         -0.0061424327 
 1361               70.88542         -0.0052654284 
 1362               70.93750         -0.0042891257 
 1363               70.98958         -0.0036128503 
 1364               71.04167         -0.0027397267 
 1365               71.09375         -0.0016922018 
 1366               71.14583         -0.0010374470 
 1367               71.19792         -0.0003384838 
 1368               71.25000         -0.0003717836 
 1369               71.30208         -0.0002963431 
 1370               71.35417         -0.0007062286 
 1371               71.40625         -0.0011385563 
 1372               71.45833         -0.0019319054 
 1373               71.51042         -0.0026879298 
 1374               71.56250         -0.0037205407 
 1375               71.61458         -0.0050600944 
 1376               71.66667         -0.0067644982 
 1377               71.71875         -0.0086507891 
 1378               71.77083         -0.0101773116 
 1379               71.82292         -0.0119683331 
 1380               71.87500         -0.0129599996 
 1381               71.92708         -0.0140942683 
 1382               71.97917         -0.0144783147 
 1383               72.03125         -0.0152762982 
 1384               72.08333         -0.0156284662 
 1385               72.13542         -0.0154774835 
 1386               72.18750         -0.0149642958 
 1387               72.23958         -0.0146413477 
 1388               72.29167         -0.0138679627 
 1389               72.34375         -0.0132037699 
 1390               72.39583         -0.0122670870 
 1391               72.44792         -0.0109741302 
 1392               72.50000         -0.0097075166 
 1393               72.55208         -0.0082295039 
 1394               72.60417         -0.0071814696 
 1395               72.65625         -0.0058730874 
 1396               72.70833         -0.0045541046 
 1397               72.76042         -0.0034042533 
 1398               72.81250         -0.0021617704 
 1399               72.86458         -0.0014151896 
 1400               72.91667         -0.0005344582 
 1401               72.96875          0.0001996685 
 1402               73.02083          0.0004143517 
 1403               73.07292          0.0007064210 
 1404               73.12500          0.0010706222 
 1405               73.17708          0.0013333344 
 1406               73.22917          0.0014223379 
 1407               73.28125          0.0012860513 
 1408               73.33333          0.0011223942 
 1409               73.38542          0.0011714956 
 1410               73.43750          0.0013448632 
 1411               73.48958          0.0011921612 
 1412               73.54167          0.0010537398 
 1413               73.59375          0.0006793374 
 1414               73.64583          0.0004963378 
 1415               73.69792          0.0005144695 
 1416               73.75000          0.0001580803 
 1417               73.80208          0.0001362595 
 1418               73.85417          0.0001326702 
 1419               73.90625          0.0000580949 
 1420               73.95833          0.0000302090 
 1421               74.01042         -0.0000342066 
 1422               74.06250          0.0000000000 
 1423               74.11458          0.0000000000 
 1424               74.16667          0.0000000000 
 1425               74.21875          0.0000000000 
 1426               74.27083          0.0000000000 
 1427               74.32292          0.0000000000 
 1428               74.37500          0.0000000000 
 1429               74.42708          0.0000000000 
 1430               74.47917          0.0000000000 
 1431               74.53125          0.0000000000 
 1432               74.58333          0.0000000000 
 1433               74.63542          0.0000000000 
 1434               74.68750          0.0000000000 
 1435               74.73958          0.0000000000 
 1436               74.79167          0.0000000000 
 1437               74.84375          0.0000000000 
 1438               74.89583          0.0000000000 
 1439               74.94792          0.0000000000 
 1440               75.00000          0.0000000000 
 1441               75.05208          0.0000000000 
 1442               75.10417          0.0000000000 
 1443               75.15625          0.0000000000 
 1444               75.20833          0.0000000000 
 1445               75.26042          0.0000000000 
 1446               75.31250          0.0000000000 
 1447               75.36458          0.0000000000 
 1448               75.41667          0.0000000000 
 1449               75.46875          0.0000000000 
 1450               75.52083          0.0000000000 
 1451               75.57292          0.0000000000 
 1452               75.62500          0.0000000000 
 1453               75.67708          0.0000000000 
 1454               75.72917          0.0000000000 
 1455               75.78125          0.0000000000 
 1456               75.83333          0.0000000000 
 1457               75.88542          0.0000000000 
 1458               75.93750          0.0000000000 
 1459               75.98958          0.0000000000 
 1460               76.04167          0.0000000000 
 1461               76.09375          0.0000000000 
 1462               76.14583          0.0000000000 
 1463               76.19792          0.0000000000 
 1464               76.25000          0.0000000000 
 1465               76.30208          0.0000000000 
 1466               76.35417          0.0000000000 
 1467               76.40625          0.0000000000 
 1468               76.45833          0.0000000000 
 1469               76.51042          0.0000000000 
 1470               76.56250          0.0000000000 
 1471               76.61458          0.0000000000 
 1472               76.66667          0.0000000000 
 1473               76.71875          0.0000000000 
 1474               76.77083          0.0000000000 
 1475               76.82292          0.0000000000 
 1476               76.87500          0.0000000000 
 1477               76.92708          0.0000000000 
 1478               76.97917          0.0000000000 
 1479               77.03125          0.0000000000 
 1480               77.08333          0.0000000000 
 1481               77.13542          0.0000000000 
 1482               77.18750          0.0000000000 
 1483               77.23958          0.0000000000 
 1484               77.29167          0.0000000000 
 1485               77.34375          0.0000000000 
 1486               77.39583          0.0000000000 
 1487               77.44792          0.0000000000 
 1488               77.50000          0.0000000000 
 1489               77.55208          0.0000000000 
 1490               77.60417          0.0000000000 
 1491               77.65625          0.0000000000 
 1492               77.70833          0.0000000000 
 1493               77.76042          0.0000000000 
 1494               77.81250          0.0000000000 
 1495               77.86458          0.0000000000 
 1496               77.91667          0.0000000000 
 1497               77.96875          0.0000000000 
 1498               78.02083          0.0000000000 
 1499               78.07292          0.0000000000 
 1500               78.12500          0.0000000000 
 1501               78.17708          0.0000000000 
 1502               78.22917          0.0000000000 
 1503               78.28125          0.0000000000 
 1504               78.33333          0.0000000000 
 1505               78.38542          0.0000000000 
 1506               78.43750          0.0000000000 
 1507               78.48958          0.0000000000 
 1508               78.54167          0.0000000000 
 1509               78.59375          0.0000000000 
 1510               78.64583          0.0000000000 
 1511               78.69792          0.0000000000 
 1512               78.75000          0.0000000000 
 1513               78.80208          0.0000000000 
 1514               78.85417          0.0000000000 
 1515               78.90625          0.0000000000 
 1516               78.95833          0.0000000000 
 1517               79.01042          0.0000000000 
 1518               79.06250          0.0000000000 
 1519               79.11458          0.0000000000 
 1520               79.16667          0.0000000000 
 1521               79.21875          0.0000000000 
 1522               79.27083          0.0000000000 
 1523               79.32292          0.0000000000 
 1524               79.37500          0.0000000000 
 1525               79.42708          0.0000000000 
 1526               79.47917          0.0000000000 
 1527               79.53125          0.0000000000 
 1528               79.58333          0.0000000000 
 1529               79.63542          0.0000000000 
 1530               79.68750          0.0000000000 
