Npionts = 1531 
timeMax = 15.0
 0                0.00000          0.0000000000 
 1                0.05208          0.0000000000 
 2                0.10417          0.0000000000 
 3                0.15625          0.0000000000 
 4                0.20833          0.0000000000 
 5                0.26042          0.0000000000 
 6                0.31250          0.0000000000 
 7                0.36458          0.0000000000 
 8                0.41667          0.0000000000 
 9                0.46875          0.0000000000 
 10                0.52083          0.0000000000 
 11                0.57292          0.0000000000 
 12                0.62500          0.0000000000 
 13                0.67708          0.0000000000 
 14                0.72917          0.0000000000 
 15                0.78125          0.0000000000 
 16                0.83333          0.0000000000 
 17                0.88542          0.0000000000 
 18                0.93750          0.0000000000 
 19                0.98958          0.0000000000 
 20                1.04167          0.0000000000 
 21                1.09375          0.0000000000 
 22                1.14583          0.0000000000 
 23                1.19792          0.0000000000 
 24                1.25000          0.0000000000 
 25                1.30208          0.0000000000 
 26                1.35417          0.0000000000 
 27                1.40625          0.0000000000 
 28                1.45833          0.0000000000 
 29                1.51042          0.0000000000 
 30                1.56250          0.0000000000 
 31                1.61458          0.0000000000 
 32                1.66667          0.0000000000 
 33                1.71875          0.0000000000 
 34                1.77083          0.0000000000 
 35                1.82292          0.0000000000 
 36                1.87500          0.0000000000 
 37                1.92708          0.0000000000 
 38                1.97917          0.0000000000 
 39                2.03125          0.0000000000 
 40                2.08333          0.0000000000 
 41                2.13542          0.0000000000 
 42                2.18750          0.0000000000 
 43                2.23958          0.0000000000 
 44                2.29167          0.0000000000 
 45                2.34375          0.0000000000 
 46                2.39583          0.0000000000 
 47                2.44792          0.0000000000 
 48                2.50000          0.0000000000 
 49                2.55208          0.0000000000 
 50                2.60417          0.0000000000 
 51                2.65625          0.0000000000 
 52                2.70833          0.0000000000 
 53                2.76042          0.0000000000 
 54                2.81250          0.0000000000 
 55                2.86458          0.0000000000 
 56                2.91667          0.0000000000 
 57                2.96875          0.0000000000 
 58                3.02083          0.0000000000 
 59                3.07292          0.0000000000 
 60                3.12500          0.0000000000 
 61                3.17708          0.0000000000 
 62                3.22917          0.0000000000 
 63                3.28125          0.0000000000 
 64                3.33333          0.0000000000 
 65                3.38542          0.0000000000 
 66                3.43750          0.0000000000 
 67                3.48958          0.0000000000 
 68                3.54167          0.0000000000 
 69                3.59375          0.0000000000 
 70                3.64583          0.0000000000 
 71                3.69792          0.0000000000 
 72                3.75000          0.0000000000 
 73                3.80208          0.0000000000 
 74                3.85417          0.0000000000 
 75                3.90625          0.0000000000 
 76                3.95833          0.0000000000 
 77                4.01042          0.0000000000 
 78                4.06250          0.0000000000 
 79                4.11458          0.0000000000 
 80                4.16667          0.0000000000 
 81                4.21875          0.0000000000 
 82                4.27083          0.0000000000 
 83                4.32292          0.0000000000 
 84                4.37500          0.0000000000 
 85                4.42708          0.0000000000 
 86                4.47917          0.0000000000 
 87                4.53125          0.0000000000 
 88                4.58333          0.0000000000 
 89                4.63542          0.0000000000 
 90                4.68750          0.0000000000 
 91                4.73958          0.0000000000 
 92                4.79167          0.0000000000 
 93                4.84375          0.0000000000 
 94                4.89583          0.0000000000 
 95                4.94792          0.0000000000 
 96                5.00000          0.0000000000 
 97                5.05208          0.0000000000 
 98                5.10417          0.0000000000 
 99                5.15625          0.0000000000 
 100                5.20833          0.0000000000 
 101                5.26042          0.0000000000 
 102                5.31250          0.0000000000 
 103                5.36458          0.0000000000 
 104                5.41667          0.0000000000 
 105                5.46875          0.0000000000 
 106                5.52083          0.0000000000 
 107                5.57292          0.0000000000 
 108                5.62500          0.0000000000 
 109                5.67708          0.0000000000 
 110                5.72917          0.0000000000 
 111                5.78125          0.0000000000 
 112                5.83333          0.0000000000 
 113                5.88542          0.0000000000 
 114                5.93750          0.0000000000 
 115                5.98958          0.0000000000 
 116                6.04167          0.0000000000 
 117                6.09375          0.0000000000 
 118                6.14583          0.0000000000 
 119                6.19792          0.0000000000 
 120                6.25000          0.0000000000 
 121                6.30208          0.0000000000 
 122                6.35417          0.0000000000 
 123                6.40625          0.0000000000 
 124                6.45833          0.0000000000 
 125                6.51042          0.0000000000 
 126                6.56250          0.0000000000 
 127                6.61458          0.0000000000 
 128                6.66667          0.0000000000 
 129                6.71875          0.0000000000 
 130                6.77083          0.0000000000 
 131                6.82292          0.0000000000 
 132                6.87500          0.0000000000 
 133                6.92708          0.0000000000 
 134                6.97917          0.0000000000 
 135                7.03125          0.0000000000 
 136                7.08333          0.0000000000 
 137                7.13542          0.0000000000 
 138                7.18750          0.0000000000 
 139                7.23958          0.0000000000 
 140                7.29167          0.0000000000 
 141                7.34375          0.0000000000 
 142                7.39583          0.0000000000 
 143                7.44792          0.0000000000 
 144                7.50000          0.0000000000 
 145                7.55208          0.0000000000 
 146                7.60417          0.0000000000 
 147                7.65625          0.0000000000 
 148                7.70833          0.0000000000 
 149                7.76042          0.0000000000 
 150                7.81250          0.0000000000 
 151                7.86458          0.0000000000 
 152                7.91667          0.0000000000 
 153                7.96875          0.0000000000 
 154                8.02083          0.0000000000 
 155                8.07292          0.0000000000 
 156                8.12500          0.0000000000 
 157                8.17708          0.0000000000 
 158                8.22917          0.0000000000 
 159                8.28125          0.0000000000 
 160                8.33333          0.0000000000 
 161                8.38542          0.0000000000 
 162                8.43750          0.0000000000 
 163                8.48958          0.0000000000 
 164                8.54167          0.0000000000 
 165                8.59375          0.0000000000 
 166                8.64583          0.0000000000 
 167                8.69792          0.0000000000 
 168                8.75000          0.0000000000 
 169                8.80208          0.0000000000 
 170                8.85417          0.0000000000 
 171                8.90625          0.0000000000 
 172                8.95833          0.0000000000 
 173                9.01042          0.0000000000 
 174                9.06250          0.0000000000 
 175                9.11458          0.0000000000 
 176                9.16667          0.0000000000 
 177                9.21875          0.0000000000 
 178                9.27083          0.0000000000 
 179                9.32292          0.0000000000 
 180                9.37500          0.0000000000 
 181                9.42708          0.0000000000 
 182                9.47917          0.0000000000 
 183                9.53125          0.0000000000 
 184                9.58333          0.0000000000 
 185                9.63542          0.0000000000 
 186                9.68750          0.0000000000 
 187                9.73958          0.0000000000 
 188                9.79167          0.0000000000 
 189                9.84375          0.0000000000 
 190                9.89583          0.0000000000 
 191                9.94792          0.0000000000 
 192               10.00000          0.0000000000 
 193               10.05208          0.0000000000 
 194               10.10417          0.0000000000 
 195               10.15625          0.0000000000 
 196               10.20833          0.0000000000 
 197               10.26042          0.0000000000 
 198               10.31250          0.0000000000 
 199               10.36458          0.0000000000 
 200               10.41667          0.0000000000 
 201               10.46875          0.0000000000 
 202               10.52083          0.0000000000 
 203               10.57292          0.0000000000 
 204               10.62500          0.0000000000 
 205               10.67708          0.0000000000 
 206               10.72917          0.0000000000 
 207               10.78125          0.0000000000 
 208               10.83333          0.0000000000 
 209               10.88542          0.0000000000 
 210               10.93750          0.0000000000 
 211               10.98958          0.0000000000 
 212               11.04167          0.0000000000 
 213               11.09375          0.0000000000 
 214               11.14583          0.0000000000 
 215               11.19792          0.0000000000 
 216               11.25000          0.0000000000 
 217               11.30208          0.0000000000 
 218               11.35417          0.0000000000 
 219               11.40625          0.0000000000 
 220               11.45833          0.0000000000 
 221               11.51042          0.0000000000 
 222               11.56250          0.0000000000 
 223               11.61458          0.0000000000 
 224               11.66667          0.0000000000 
 225               11.71875          0.0000000000 
 226               11.77083          0.0000000000 
 227               11.82292          0.0000000000 
 228               11.87500          0.0000000000 
 229               11.92708          0.0000000000 
 230               11.97917          0.0000000000 
 231               12.03125          0.0000000000 
 232               12.08333          0.0000000000 
 233               12.13542          0.0000000000 
 234               12.18750          0.0000000000 
 235               12.23958          0.0000000000 
 236               12.29167          0.0000000000 
 237               12.34375          0.0000000000 
 238               12.39583         -0.0006624893 
 239               12.44792         -0.0037198209 
 240               12.50000         -0.0080652238 
 241               12.55208         -0.0139012614 
 242               12.60417         -0.0214358176 
 243               12.65625         -0.0308634620 
 244               12.70833         -0.0423829161 
 245               12.76042         -0.0561768504 
 246               12.81250         -0.0724109277 
 247               12.86458         -0.0912051509 
 248               12.91667         -0.1126232695 
 249               12.96875         -0.1366632607 
 250               13.02083         -0.1632267102 
 251               13.07292         -0.1921202349 
 252               13.12500         -0.2230393251 
 253               13.17708         -0.2555890178 
 254               13.22917         -0.2892681943 
 255               13.28125         -0.3234767702 
 256               13.33333         -0.3575285912 
 257               13.38542         -0.3906578440 
 258               13.43750         -0.4220437605 
 259               13.48958         -0.4507906383 
 260               13.54167         -0.4759645991 
 261               13.59375         -0.4965988254 
 262               13.64583         -0.5117130024 
 263               13.69792         -0.5203442121 
 264               13.75000         -0.5215640241 
 265               13.80208         -0.5145343767 
 266               13.85417         -0.4985314468 
 267               13.90625         -0.4730072027 
 268               13.95833         -0.4376264820 
 269               14.01042         -0.3922749198 
 270               14.06250         -0.3370910501 
 271               14.11458         -0.2724757975 
 272               14.16667         -0.1991116768 
 273               14.21875         -0.1179230843 
 274               14.27083         -0.0300544471 
 275               14.32292          0.0631505853 
 276               14.37500          0.1602113431 
 277               14.42708          0.2595395046 
 278               14.47917          0.3594835432 
 279               14.53125          0.4583395217 
 280               14.58333          0.5543499234 
 281               14.63542          0.6457184986 
 282               14.68750          0.7305902511 
 283               14.73958          0.8070514221 
 284               14.79167          0.8731605474 
 285               14.84375          0.9270489377 
 286               14.89583          0.9670313018 
 287               14.94792          0.9916902962 
 288               15.00000          1.0000000000 
 289               15.05208          0.9914595137 
 290               15.10417          0.9661629676 
 291               15.15625          0.9247467937 
 292               15.20833          0.8683300441 
 293               15.26042          0.7984336588 
 294               15.31250          0.7168407188 
 295               15.36458          0.6254712205 
 296               15.41667          0.5263042688 
 297               15.46875          0.4213353466 
 298               15.52083          0.3125746199 
 299               15.57292          0.2020522228 
 300               15.62500          0.0918425430 
 301               15.67708         -0.0159401682 
 302               15.72917         -0.1191978842 
 303               15.78125         -0.2159122239 
 304               15.83333         -0.3042096383 
 305               15.88542         -0.3824526558 
 306               15.93750         -0.4493272458 
 307               15.98958         -0.5038997015 
 308               16.04167         -0.5456545945 
 309               16.09375         -0.5744964129 
 310               16.14583         -0.5907788921 
 311               16.19792         -0.5952513625 
 312               16.25000         -0.5889716906 
 313               16.30208         -0.5732610904 
 314               16.35417         -0.5496283509 
 315               16.40625         -0.5196758433 
 316               16.45833         -0.4850222104 
 317               16.51042         -0.4472606012 
 318               16.56250         -0.4079182181 
 319               16.61458         -0.3684137933 
 320               16.66667         -0.3300146585 
 321               16.71875         -0.2938020088 
 322               16.77083         -0.2606542016 
 323               16.82292         -0.2312216391 
 324               16.87500         -0.2059237717 
 325               16.92708         -0.1849098519 
 326               16.97917         -0.1680600931 
 327               17.03125         -0.1550347915 
 328               17.08333         -0.1452543258 
 329               17.13542         -0.1379253345 
 330               17.18750         -0.1321009688 
 331               17.23958         -0.1267664023 
 332               17.29167         -0.1209002190 
 333               17.34375         -0.1135131253 
 334               17.39583         -0.1037148267 
 335               17.44792         -0.0907601492 
 336               17.50000         -0.0740862311 
 337               17.55208         -0.0533252170 
 338               17.60417         -0.0283285890 
 339               17.65625          0.0008126254 
 340               17.70833          0.0337468984 
 341               17.76042          0.0698646427 
 342               17.81250          0.1083547131 
 343               17.86458          0.1482235247 
 344               17.91667          0.1883243683 
 345               17.96875          0.2274232096 
 346               18.02083          0.2642465172 
 347               18.07292          0.2975362205 
 348               18.12500          0.3260918776 
 349               18.17708          0.3488346564 
 350               18.22917          0.3648886141 
 351               18.28125          0.3736235495 
 352               18.33333          0.3746805932 
 353               18.38542          0.3679910232 
 354               18.43750          0.3537763009 
 355               18.48958          0.3325246165 
 356               18.54167          0.3049536129 
 357               18.59375          0.2719529520 
 358               18.64583          0.2346053597 
 359               18.69792          0.1941272606 
 360               18.75000          0.1517911586 
 361               18.80208          0.1089050081 
 362               18.85417          0.0667572361 
 363               18.90625          0.0265836948 
 364               18.95833         -0.0105314549 
 365               19.01042         -0.0436594751 
 366               19.06250         -0.0720357903 
 367               19.11458         -0.0951081242 
 368               19.16667         -0.1125485155 
 369               19.21875         -0.1242778619 
 370               19.27083         -0.1304361380 
 371               19.32292         -0.1314019554 
 372               19.37500         -0.1277566710 
 373               19.42708         -0.1202469803 
 374               19.47917         -0.1097573757 
 375               19.53125         -0.0972242199 
 376               19.58333         -0.0836415067 
 377               19.63542         -0.0700001102 
 378               19.68750         -0.0572381112 
 379               19.73958         -0.0462046775 
 380               19.79167         -0.0376021973 
 381               19.84375         -0.0319943732 
 382               19.89583         -0.0297337313 
 383               19.94792         -0.0309422418 
 384               20.00000         -0.0355314522 
 385               20.05208         -0.0432058347 
 386               20.10417         -0.0534978726 
 387               20.15625         -0.0657739456 
 388               20.20833         -0.0792618066 
 389               20.26042         -0.0931233328 
 390               20.31250         -0.1065151921 
 391               20.36458         -0.1186348678 
 392               20.41667         -0.1287436108 
 393               20.46875         -0.1362190731 
 394               20.52083         -0.1406101652 
 395               20.57292         -0.1416083914 
 396               20.62500         -0.1390286848 
 397               20.67708         -0.1328056532 
 398               20.72917         -0.1230318208 
 399               20.78125         -0.1099518699 
 400               20.83333         -0.0939490250 
 401               20.88542         -0.0755702243 
 402               20.93750         -0.0555068373 
 403               20.98958         -0.0345890445 
 404               21.04167         -0.0137022017 
 405               21.09375          0.0062629982 
 406               21.14583          0.0244274743 
 407               21.19792          0.0399933012 
 408               21.25000          0.0522869601 
 409               21.30208          0.0608139821 
 410               21.35417          0.0652427694 
 411               21.40625          0.0654295674 
 412               21.45833          0.0614682617 
 413               21.51042          0.0536493868 
 414               21.56250          0.0424237720 
 415               21.61458          0.0283728299 
 416               21.66667          0.0122050005 
 417               21.71875         -0.0053060840 
 418               21.77083         -0.0233611105 
 419               21.82292         -0.0411411069 
 420               21.87500         -0.0578412578 
 421               21.92708         -0.0727006762 
 422               21.97917         -0.0850471789 
 423               22.03125         -0.0943090332 
 424               22.08333         -0.1000540353 
 425               22.13542         -0.1020125202 
 426               22.18750         -0.1000766606 
 427               22.23958         -0.0943148388 
 428               22.29167         -0.0849550335 
 429               22.34375         -0.0723828695 
 430               22.39583         -0.0571259745 
 431               22.44792         -0.0398184730 
 432               22.50000         -0.0211798954 
 433               22.55208         -0.0019748104 
 434               22.60417          0.0170085514 
 435               22.65625          0.0350212413 
 436               22.70833          0.0513713734 
 437               22.76042          0.0654223839 
 438               22.81250          0.0766520821 
 439               22.86458          0.0846636998 
 440               22.91667          0.0892111263 
 441               22.96875          0.0901704657 
 442               23.02083          0.0875779348 
 443               23.07292          0.0816436595 
 444               23.12500          0.0726979694 
 445               23.17708          0.0611929195 
 446               23.22917          0.0476609863 
 447               23.28125          0.0327179139 
 448               23.33333          0.0170174932 
 449               23.38542          0.0012289091 
 450               23.43750         -0.0140008791 
 451               23.48958         -0.0280953487 
 452               23.54167         -0.0405384638 
 453               23.59375         -0.0509172153 
 454               23.64583         -0.0589227744 
 455               23.69792         -0.0643798101 
 456               23.75000         -0.0672160309 
 457               23.80208         -0.0674428038 
 458               23.85417         -0.0651931115 
 459               23.90625         -0.0606889497 
 460               23.95833         -0.0542647976 
 461               24.01042         -0.0463333900 
 462               24.06250         -0.0373670338 
 463               24.11458         -0.0278883716 
 464               24.16667         -0.0183976107 
 465               24.21875         -0.0093830799 
 466               24.27083         -0.0012752582 
 467               24.32292          0.0055780171 
 468               24.37500          0.0109154402 
 469               24.42708          0.0145795382 
 470               24.47917          0.0164794551 
 471               24.53125          0.0166361464 
 472               24.58333          0.0151892582 
 473               24.63542          0.0123642109 
 474               24.68750          0.0084626895 
 475               24.73958          0.0038498878 
 476               24.79167         -0.0010427664 
 477               24.84375         -0.0057848304 
 478               24.89583         -0.0099855141 
 479               24.94792         -0.0132844169 
 480               25.00000         -0.0153848237 
 481               25.05208         -0.0160850586 
 482               25.10417         -0.0153000227 
 483               25.15625         -0.0130209785 
 484               25.20833         -0.0092982410 
 485               25.26042         -0.0042673665 
 486               25.31250          0.0018696129 
 487               25.36458          0.0088628516 
 488               25.41667          0.0164360069 
 489               25.46875          0.0242617984 
 490               25.52083          0.0319575374 
 491               25.57292          0.0391094702 
 492               25.62500          0.0452995409 
 493               25.67708          0.0501252291 
 494               25.72917          0.0532101531 
 495               25.78125          0.0542515944 
 496               25.83333          0.0530375376 
 497               25.88542          0.0494610997 
 498               25.93750          0.0435088999 
 499               25.98958          0.0352740140 
 500               26.04167          0.0249677257 
 501               26.09375          0.0128872964 
 502               26.14583         -0.0005910665 
 503               26.19792         -0.0150126403 
 504               26.25000         -0.0298474512 
 505               26.30208         -0.0445321751 
 506               26.35417         -0.0585076089 
 507               26.40625         -0.0712380069 
 508               26.45833         -0.0822375961 
 509               26.51042         -0.0910997344 
 510               26.56250         -0.0975188960 
 511               26.61458         -0.1012790095 
 512               26.66667         -0.1022629637 
 513               26.71875         -0.1004602589 
 514               26.77083         -0.0959463718 
 515               26.82292         -0.0888900432 
 516               26.87500         -0.0795469110 
 517               26.92708         -0.0682811947 
 518               26.97917         -0.0555403216 
 519               27.03125         -0.0418063814 
 520               27.08333         -0.0275986237 
 521               27.13542         -0.0134501194 
 522               27.18750          0.0001172271 
 523               27.23958          0.0126421788 
 524               27.29167          0.0237406160 
 525               27.34375          0.0330958018 
 526               27.39583          0.0404642714 
 527               27.44792          0.0456815467 
 528               27.50000          0.0486685416 
 529               27.55208          0.0494167524 
 530               27.60417          0.0479818056 
 531               27.65625          0.0444880807 
 532               27.70833          0.0391326658 
 533               27.76042          0.0322015976 
 534               27.81250          0.0240397528 
 535               27.86458          0.0150496550 
 536               27.91667          0.0056623349 
 537               27.96875         -0.0037121730 
 538               28.02083         -0.0126890206 
 539               28.07292         -0.0209431590 
 540               28.12500         -0.0282047853 
 541               28.17708         -0.0342934859 
 542               28.22917         -0.0391049635 
 543               28.28125         -0.0425732919 
 544               28.33333         -0.0446935365 
 545               28.38542         -0.0455289268 
 546               28.43750         -0.0452174362 
 547               28.48958         -0.0439383110 
 548               28.54167         -0.0419155018 
 549               28.59375         -0.0394207971 
 550               28.64583         -0.0367326939 
 551               28.69792         -0.0341244782 
 552               28.75000         -0.0318399639 
 553               28.80208         -0.0300972658 
 554               28.85417         -0.0290487546 
 555               28.90625         -0.0287714805 
 556               28.95833         -0.0293004844 
 557               29.01042         -0.0306119532 
 558               29.06250         -0.0326198388 
 559               29.11458         -0.0351645567 
 560               29.16667         -0.0380587401 
 561               29.21875         -0.0411028079 
 562               29.27083         -0.0440717798 
 563               29.32292         -0.0467080626 
 564               29.37500         -0.0487544130 
 565               29.42708         -0.0499807160 
 566               29.47917         -0.0501719723 
 567               29.53125         -0.0491350185 
 568               29.58333         -0.0467177636 
 569               29.63542         -0.0428511752 
 570               29.68750         -0.0375370897 
 571               29.73958         -0.0308414794 
 572               29.79167         -0.0229154476 
 573               29.84375         -0.0139916748 
 574               29.89583         -0.0043533205 
 575               29.94792          0.0056872504 
 576               30.00000          0.0158051610 
 577               30.05208          0.0256556980 
 578               30.10417          0.0349097099 
 579               30.15625          0.0432803490 
 580               30.20833          0.0505113496 
 581               30.26042          0.0563820322 
 582               30.31250          0.0606922527 
 583               30.36458          0.0633008592 
 584               30.41667          0.0641345394 
 585               30.46875          0.0631800122 
 586               30.52083          0.0604887300 
 587               30.57292          0.0561826575 
 588               30.62500          0.0504817955 
 589               30.67708          0.0436815504 
 590               30.72917          0.0361154125 
 591               30.78125          0.0281293087 
 592               30.83333          0.0200676423 
 593               30.88542          0.0122788071 
 594               30.93750          0.0050576879 
 595               30.98958         -0.0013682290 
 596               31.04167         -0.0068198327 
 597               31.09375         -0.0111675507 
 598               31.14583         -0.0143363541 
 599               31.19792         -0.0163383290 
 600               31.25000         -0.0172374858 
 601               31.30208         -0.0171420355 
 602               31.35417         -0.0162269743 
 603               31.40625         -0.0147146900 
 604               31.45833         -0.0128491342 
 605               31.51042         -0.0108885342 
 606               31.56250         -0.0090930680 
 607               31.61458         -0.0077293473 
 608               31.66667         -0.0070321472 
 609               31.71875         -0.0071935155 
 610               31.77083         -0.0083724514 
 611               31.82292         -0.0106721762 
 612               31.87500         -0.0141460520 
 613               31.92708         -0.0187641128 
 614               31.97917         -0.0244298205 
 615               32.03125         -0.0309875963 
 616               32.08333         -0.0382217327 
 617               32.13542         -0.0458694616 
 618               32.18750         -0.0536360588 
 619               32.23958         -0.0612220573 
 620               32.29167         -0.0683179746 
 621               32.34375         -0.0746249824 
 622               32.39583         -0.0798765751 
 623               32.44792         -0.0838210603 
 624               32.50000         -0.0862241945 
 625               32.55208         -0.0868845054 
 626               32.60417         -0.0856656087 
 627               32.65625         -0.0825034849 
 628               32.70833         -0.0773969143 
 629               32.76042         -0.0704436795 
 630               32.81250         -0.0618354801 
 631               32.86458         -0.0518501551 
 632               32.91667         -0.0408305613 
 633               32.96875         -0.0291537510 
 634               33.02083         -0.0172197163 
 635               33.07292         -0.0054345977 
 636               33.12500          0.0058163382 
 637               33.17708          0.0161828022 
 638               33.22917          0.0253633067 
 639               33.28125          0.0331145196 
 640               33.33333          0.0392594718 
 641               33.38542          0.0436984047 
 642               33.43750          0.0463813293 
 643               33.48958          0.0473188631 
 644               33.54167          0.0465881744 
 645               33.59375          0.0443109428 
 646               33.64583          0.0406380166 
 647               33.69792          0.0357547235 
 648               33.75000          0.0298961693 
 649               33.80208          0.0233270397 
 650               33.85417          0.0163158405 
 651               33.90625          0.0091295632 
 652               33.95833          0.0020330931 
 653               34.01042         -0.0047319885 
 654               34.06250         -0.0109884151 
 655               34.11458         -0.0166143857 
 656               34.16667         -0.0215411233 
 657               34.21875         -0.0257596176 
 658               34.27083         -0.0293145360 
 659               34.32292         -0.0323024236 
 660               34.37500         -0.0348289856 
 661               34.42708         -0.0370253092 
 662               34.47917         -0.0390429323 
 663               34.53125         -0.0410243750 
 664               34.58333         -0.0431079766 
 665               34.63542         -0.0454191136 
 666               34.68750         -0.0480699361 
 667               34.73958         -0.0511401518 
 668               34.79167         -0.0546666951 
 669               34.84375         -0.0586461531 
 670               34.89583         -0.0630238011 
 671               34.94792         -0.0676995708 
 672               35.00000         -0.0725354470 
 673               35.05208         -0.0773606427 
 674               35.10417         -0.0819551891 
 675               35.15625         -0.0860803153 
 676               35.20833         -0.0894911716 
 677               35.26042         -0.0919158799 
 678               35.31250         -0.0930756289 
 679               35.36458         -0.0926939162 
 680               35.41667         -0.0905658025 
 681               35.46875         -0.0865364180 
 682               35.52083         -0.0805107809 
 683               35.57292         -0.0724916348 
 684               35.62500         -0.0625701525 
 685               35.67708         -0.0509249248 
 686               35.72917         -0.0377721152 
 687               35.78125         -0.0233950181 
 688               35.83333         -0.0081359227 
 689               35.88542          0.0076321182 
 690               35.93750          0.0235107592 
 691               35.98958          0.0390715574 
 692               36.04167          0.0538528090 
 693               36.09375          0.0674087777 
 694               36.14583          0.0793318792 
 695               36.19792          0.0892396212 
 696               36.25000          0.0967954325 
 697               36.30208          0.1017494019 
 698               36.35417          0.1039500480 
 699               36.40625          0.1033381551 
 700               36.45833          0.0999360138 
 701               36.51042          0.0938634547 
 702               36.56250          0.0853261590 
 703               36.61458          0.0745842117 
 704               36.66667          0.0619514727 
 705               36.71875          0.0477729470 
 706               36.77083          0.0324206391 
 707               36.82292          0.0162990018 
 708               36.87500         -0.0001723308 
 709               36.92708         -0.0165645529 
 710               36.97917         -0.0324678018 
 711               37.03125         -0.0474914512 
 712               37.08333         -0.0612711809 
 713               37.13542         -0.0735151638 
 714               37.18750         -0.0840180703 
 715               37.23958         -0.0926614759 
 716               37.29167         -0.0993971663 
 717               37.34375         -0.1042557088 
 718               37.39583         -0.1073535467 
 719               37.44792         -0.1088485283 
 720               37.50000         -0.1089047909 
 721               37.55208         -0.1076799508 
 722               37.60417         -0.1053426015 
 723               37.65625         -0.1020633589 
 724               37.70833         -0.0979920550 
 725               37.76042         -0.0932819695 
 726               37.81250         -0.0881018923 
 727               37.86458         -0.0826444519 
 728               37.91667         -0.0770907738 
 729               37.96875         -0.0715767564 
 730               38.02083         -0.0662154860 
 731               38.07292         -0.0610831993 
 732               38.12500         -0.0561964468 
 733               38.17708         -0.0514993956 
 734               38.22917         -0.0468938447 
 735               38.28125         -0.0422893222 
 736               38.33333         -0.0375683511 
 737               38.38542         -0.0325890710 
 738               38.43750         -0.0272449916 
 739               38.48958         -0.0214834880 
 740               38.54167         -0.0152904360 
 741               38.59375         -0.0086624127 
 742               38.64583         -0.0016527164 
 743               38.69792          0.0056233455 
 744               38.75000          0.0130437852 
 745               38.80208          0.0204859476 
 746               38.85417          0.0277993757 
 747               38.90625          0.0347935700 
 748               38.95833          0.0412826218 
 749               39.01042          0.0470950810 
 750               39.06250          0.0520463395 
 751               39.11458          0.0559480103 
 752               39.16667          0.0586615085 
 753               39.21875          0.0601196413 
 754               39.27083          0.0602814303 
 755               39.32292          0.0591275110 
 756               39.37500          0.0566905705 
 757               39.42708          0.0530524742 
 758               39.47917          0.0483061943 
 759               39.53125          0.0425352692 
 760               39.58333          0.0358605788 
 761               39.63542          0.0284473249 
 762               39.68750          0.0204801716 
 763               39.73958          0.0121636890 
 764               39.79167          0.0037238574 
 765               39.84375         -0.0045887314 
 766               39.89583         -0.0125247015 
 767               39.94792         -0.0198670667 
 768               40.00000         -0.0264412161 
 769               40.05208         -0.0321254272 
 770               40.10417         -0.0368391027 
 771               40.15625         -0.0405466312 
 772               40.20833         -0.0432652051 
 773               40.26042         -0.0450322804 
 774               40.31250         -0.0459000323 
 775               40.36458         -0.0459337617 
 776               40.41667         -0.0452343098 
 777               40.46875         -0.0439282580 
 778               40.52083         -0.0421483306 
 779               40.57292         -0.0400440146 
 780               40.62500         -0.0377667285 
 781               40.67708         -0.0354647617 
 782               40.72917         -0.0332579753 
 783               40.78125         -0.0312388983 
 784               40.83333         -0.0294897792 
 785               40.88542         -0.0280749868 
 786               40.93750         -0.0270323147 
 787               40.98958         -0.0263592090 
 788               41.04167         -0.0260156269 
 789               41.09375         -0.0259303832 
 790               41.14583         -0.0259858891 
 791               41.19792         -0.0260273130 
 792               41.25000         -0.0258885929 
 793               41.30208         -0.0254167157 
 794               41.35417         -0.0244846726 
 795               41.40625         -0.0229899917 
 796               41.45833         -0.0208660411 
 797               41.51042         -0.0180866726 
 798               41.56250         -0.0146555210 
 799               41.61458         -0.0105983429 
 800               41.66667         -0.0059671936 
 801               41.71875         -0.0008452762 
 802               41.77083          0.0046534563 
 803               41.82292          0.0103961153 
 804               41.87500          0.0162242625 
 805               41.92708          0.0219602672 
 806               41.97917          0.0274209187 
 807               42.03125          0.0324369305 
 808               42.08333          0.0368680024 
 809               42.13542          0.0405926923 
 810               42.18750          0.0435172448 
 811               42.23958          0.0455745998 
 812               42.29167          0.0467340679 
 813               42.34375          0.0469861938 
 814               42.39583          0.0463207059 
 815               42.44792          0.0447463719 
 816               42.50000          0.0423004384 
 817               42.55208          0.0390418940 
 818               42.60417          0.0350396115 
 819               42.65625          0.0303748330 
 820               42.70833          0.0251582578 
 821               42.76042          0.0195075723 
 822               42.81250          0.0135251201 
 823               42.86458          0.0073147388 
 824               42.91667          0.0009746030 
 825               42.96875         -0.0054031480 
 826               43.02083         -0.0117387027 
 827               43.07292         -0.0179676483 
 828               43.12500         -0.0240209444 
 829               43.17708         -0.0298554797 
 830               43.22917         -0.0354478750 
 831               43.28125         -0.0407995792 
 832               43.33333         -0.0459353276 
 833               43.38542         -0.0508755949 
 834               43.43750         -0.0556605280 
 835               43.48958         -0.0603170379 
 836               43.54167         -0.0648614960 
 837               43.59375         -0.0692920184 
 838               43.64583         -0.0735829956 
 839               43.69792         -0.0776980628 
 840               43.75000         -0.0815673049 
 841               43.80208         -0.0851075732 
 842               43.85417         -0.0882135658 
 843               43.90625         -0.0907516060 
 844               43.95833         -0.0925796412 
 845               44.01042         -0.0935630760 
 846               44.06250         -0.0935806664 
 847               44.11458         -0.0925165152 
 848               44.16667         -0.0902704126 
 849               44.21875         -0.0867828708 
 850               44.27083         -0.0820223067 
 851               44.32292         -0.0759829573 
 852               44.37500         -0.0687001206 
 853               44.42708         -0.0602593705 
 854               44.47917         -0.0507934217 
 855               44.53125         -0.0404677818 
 856               44.58333         -0.0294822197 
 857               44.63542         -0.0180535416 
 858               44.68750         -0.0063939797 
 859               44.73958          0.0052940795 
 860               44.79167          0.0168032949 
 861               44.84375          0.0279316942 
 862               44.89583          0.0384855736 
 863               44.94792          0.0482709790 
 864               45.00000          0.0570832807 
 865               45.05208          0.0647066417 
 866               45.10417          0.0709521264 
 867               45.15625          0.0756608595 
 868               45.20833          0.0787044154 
 869               45.26042          0.0800082736 
 870               45.31250          0.0795641920 
 871               45.36458          0.0774371891 
 872               45.41667          0.0737380960 
 873               45.46875          0.0686102302 
 874               45.52083          0.0622488517 
 875               45.57292          0.0548674659 
 876               45.62500          0.0466769190 
 877               45.67708          0.0378875523 
 878               45.72917          0.0287224816 
 879               45.78125          0.0194164263 
 880               45.83333          0.0101755209 
 881               45.88542          0.0011950942 
 882               45.93750         -0.0073344017 
 883               45.98958         -0.0152417780 
 884               46.04167         -0.0223891939 
 885               46.09375         -0.0286787479 
 886               46.14583         -0.0340327256 
 887               46.19792         -0.0384335741 
 888               46.25000         -0.0419128721 
 889               46.30208         -0.0445354973 
 890               46.35417         -0.0464003860 
 891               46.40625         -0.0476284797 
 892               46.45833         -0.0483700142 
 893               46.51042         -0.0487373904 
 894               46.56250         -0.0488148528 
 895               46.61458         -0.0486807541 
 896               46.66667         -0.0483976759 
 897               46.71875         -0.0480136242 
 898               46.77083         -0.0475427852 
 899               46.82292         -0.0470029780 
 900               46.87500         -0.0464138907 
 901               46.92708         -0.0457784997 
 902               46.97917         -0.0450873121 
 903               47.03125         -0.0443130465 
 904               47.08333         -0.0434213138 
 905               47.13542         -0.0423752131 
 906               47.18750         -0.0411323603 
 907               47.23958         -0.0396452561 
 908               47.29167         -0.0378580203 
 909               47.34375         -0.0357207413 
 910               47.39583         -0.0332059323 
 911               47.44792         -0.0302934195 
 912               47.50000         -0.0269759845 
 913               47.55208         -0.0232743226 
 914               47.60417         -0.0192335788 
 915               47.65625         -0.0149251079 
 916               47.70833         -0.0104288743 
 917               47.76042         -0.0058461901 
 918               47.81250         -0.0012894181 
 919               47.86458          0.0031345125 
 920               47.91667          0.0072987414 
 921               47.96875          0.0110847443 
 922               48.02083          0.0143815747 
 923               48.07292          0.0170892222 
 924               48.12500          0.0191031355 
 925               48.17708          0.0203151979 
 926               48.22917          0.0206540890 
 927               48.28125          0.0200598817 
 928               48.33333          0.0184800894 
 929               48.38542          0.0159001110 
 930               48.43750          0.0123673478 
 931               48.48958          0.0079706058 
 932               48.54167          0.0028114948 
 933               48.59375         -0.0029762404 
 934               48.64583         -0.0092044619 
 935               48.69792         -0.0156902823 
 936               48.75000         -0.0222813411 
 937               48.80208         -0.0288311405 
 938               48.85417         -0.0351843330 
 939               48.90625         -0.0412047890 
 940               48.95833         -0.0468128851 
 941               49.01042         -0.0519334517 
 942               49.06250         -0.0564899966 
 943               49.11458         -0.0604132499 
 944               49.16667         -0.0636517902 
 945               49.21875         -0.0661543827 
 946               49.27083         -0.0678612396 
 947               49.32292         -0.0687395338 
 948               49.37500         -0.0687669958 
 949               49.42708         -0.0679523575 
 950               49.47917         -0.0663351128 
 951               49.53125         -0.0639928381 
 952               49.58333         -0.0610206285 
 953               49.63542         -0.0575088165 
 954               49.68750         -0.0535690148 
 955               49.73958         -0.0492984850 
 956               49.79167         -0.0447825512 
 957               49.84375         -0.0400899830 
 958               49.89583         -0.0352961104 
 959               49.94792         -0.0304791330 
 960               50.00000         -0.0256959801 
 961               50.05208         -0.0210183032 
 962               50.10417         -0.0165182720 
 963               50.15625         -0.0122535988 
 964               50.20833         -0.0082449156 
 965               50.26042         -0.0044996431 
 966               50.31250         -0.0010357064 
 967               50.36458          0.0021548629 
 968               50.41667          0.0051005027 
 969               50.46875          0.0078238131 
 970               50.52083          0.0103228841 
 971               50.57292          0.0125895476 
 972               50.62500          0.0146391285 
 973               50.67708          0.0164779375 
 974               50.72917          0.0180973113 
 975               50.78125          0.0194937785 
 976               50.83333          0.0206693839 
 977               50.88542          0.0216244490 
 978               50.93750          0.0223358981 
 979               50.98958          0.0227808789 
 980               51.04167          0.0229327835 
 981               51.09375          0.0227518308 
 982               51.14583          0.0221990283 
 983               51.19792          0.0212493982 
 984               51.25000          0.0198874302 
 985               51.30208          0.0180891384 
 986               51.35417          0.0158475617 
 987               51.40625          0.0131697020 
 988               51.45833          0.0100649663 
 989               51.51042          0.0065299698 
 990               51.56250          0.0025784025 
 991               51.61458         -0.0017329054 
 992               51.66667         -0.0063454583 
 993               51.71875         -0.0111989223 
 994               51.77083         -0.0162032208 
 995               51.82292         -0.0212417289 
 996               51.87500         -0.0262099164 
 997               51.92708         -0.0310473443 
 998               51.97917         -0.0356898210 
 999               52.03125         -0.0400548066 
 1000               52.08333         -0.0440919046 
 1001               52.13542         -0.0477644584 
 1002               52.18750         -0.0510201024 
 1003               52.23958         -0.0537702378 
 1004               52.29167         -0.0559341953 
 1005               52.34375         -0.0574583539 
 1006               52.39583         -0.0582853049 
 1007               52.44792         -0.0583725886 
 1008               52.50000         -0.0577072494 
 1009               52.55208         -0.0563213365 
 1010               52.60417         -0.0542622059 
 1011               52.65625         -0.0515826109 
 1012               52.70833         -0.0483466745 
 1013               52.76042         -0.0446177659 
 1014               52.81250         -0.0404566900 
 1015               52.86458         -0.0359037492 
 1016               52.91667         -0.0309967185 
 1017               52.96875         -0.0257831918 
 1018               53.02083         -0.0203258759 
 1019               53.07292         -0.0147082388 
 1020               53.12500         -0.0090256787 
 1021               53.17708         -0.0034064643 
 1022               53.22917          0.0020017329 
 1023               53.28125          0.0070589483 
 1024               53.33333          0.0116508373 
 1025               53.38542          0.0156885713 
 1026               53.43750          0.0190941093 
 1027               53.48958          0.0218335143 
 1028               53.54167          0.0239043871 
 1029               53.59375          0.0253165369 
 1030               53.64583          0.0260834660 
 1031               53.69792          0.0262193598 
 1032               53.75000          0.0257539599 
 1033               53.80208          0.0246961648 
 1034               53.85417          0.0230551401 
 1035               53.90625          0.0208514619 
 1036               53.95833          0.0181127272 
 1037               54.01042          0.0148882247 
 1038               54.06250          0.0112392793 
 1039               54.11458          0.0072604750 
 1040               54.16667          0.0030474430 
 1041               54.21875         -0.0013230770 
 1042               54.27083         -0.0057868714 
 1043               54.32292         -0.0102965847 
 1044               54.37500         -0.0148245848 
 1045               54.42708         -0.0193578047 
 1046               54.47917         -0.0238612687 
 1047               54.53125         -0.0282618597 
 1048               54.58333         -0.0324640806 
 1049               54.63542         -0.0363602230 
 1050               54.68750         -0.0398193665 
 1051               54.73958         -0.0427234247 
 1052               54.79167         -0.0450000756 
 1053               54.84375         -0.0466319890 
 1054               54.89583         -0.0476356538 
 1055               54.94792         -0.0480591103 
 1056               55.00000         -0.0479808935 
 1057               55.05208         -0.0474652324 
 1058               55.10417         -0.0465345564 
 1059               55.15625         -0.0451647063 
 1060               55.20833         -0.0433040956 
 1061               55.26042         -0.0408832940 
 1062               55.31250         -0.0378386243 
 1063               55.36458         -0.0341363975 
 1064               55.41667         -0.0298004891 
 1065               55.46875         -0.0249037100 
 1066               55.52083         -0.0195509572 
 1067               55.57292         -0.0138593993 
 1068               55.62500         -0.0079297707 
 1069               55.67708         -0.0018453470 
 1070               55.72917          0.0043410502 
 1071               55.78125          0.0105850033 
 1072               55.83333          0.0168332767 
 1073               55.88542          0.0230180164 
 1074               55.93750          0.0290384445 
 1075               55.98958          0.0347633996 
 1076               56.04167          0.0400395401 
 1077               56.09375          0.0447151283 
 1078               56.14583          0.0486519788 
 1079               56.19792          0.0517252489 
 1080               56.25000          0.0538452446 
 1081               56.30208          0.0549588202 
 1082               56.35417          0.0550466478 
 1083               56.40625          0.0541113125 
 1084               56.45833          0.0521831491 
 1085               56.51042          0.0493239624 
 1086               56.56250          0.0455972785 
 1087               56.61458          0.0410759513 
 1088               56.66667          0.0358442346 
 1089               56.71875          0.0300024237 
 1090               56.77083          0.0236536893 
 1091               56.82292          0.0168909465 
 1092               56.87500          0.0098240762 
 1093               56.92708          0.0025640102 
 1094               56.97917         -0.0047933265 
 1095               57.03125         -0.0121679494 
 1096               57.08333         -0.0194772075 
 1097               57.13542         -0.0266262231 
 1098               57.18750         -0.0335344235 
 1099               57.23958         -0.0401153544 
 1100               57.29167         -0.0462648758 
 1101               57.34375         -0.0518670136 
 1102               57.39583         -0.0568266824 
 1103               57.44792         -0.0610702039 
 1104               57.50000         -0.0645307992 
 1105               57.55208         -0.0671767976 
 1106               57.60417         -0.0690244883 
 1107               57.65625         -0.0701348517 
 1108               57.70833         -0.0705829030 
 1109               57.76042         -0.0704603019 
 1110               57.81250         -0.0698673075 
 1111               57.86458         -0.0688842414 
 1112               57.91667         -0.0675506668 
 1113               57.96875         -0.0658713444 
 1114               58.02083         -0.0638465247 
 1115               58.07292         -0.0614816077 
 1116               58.12500         -0.0587927119 
 1117               58.17708         -0.0558219999 
 1118               58.22917         -0.0526432036 
 1119               58.28125         -0.0493555367 
 1120               58.33333         -0.0460375501 
 1121               58.38542         -0.0427261971 
 1122               58.43750         -0.0394367582 
 1123               58.48958         -0.0361702243 
 1124               58.54167         -0.0329162821 
 1125               58.59375         -0.0296486739 
 1126               58.64583         -0.0263769706 
 1127               58.69792         -0.0231588147 
 1128               58.75000         -0.0200654731 
 1129               58.80208         -0.0171652971 
 1130               58.85417         -0.0145309498 
 1131               58.90625         -0.0122338525 
 1132               58.95833         -0.0103017411 
 1133               59.01042         -0.0087138430 
 1134               59.06250         -0.0074327284 
 1135               59.11458         -0.0064064511 
 1136               59.16667         -0.0055609235 
 1137               59.21875         -0.0048284030 
 1138               59.27083         -0.0041738632 
 1139               59.32292         -0.0035983711 
 1140               59.37500         -0.0031141711 
 1141               59.42708         -0.0027544606 
 1142               59.47917         -0.0025754668 
 1143               59.53125         -0.0026138813 
 1144               59.58333         -0.0028789492 
 1145               59.63542         -0.0033520118 
 1146               59.68750         -0.0039937652 
 1147               59.73958         -0.0047296536 
 1148               59.79167         -0.0054482660 
 1149               59.84375         -0.0060529671 
 1150               59.89583         -0.0064654627 
 1151               59.94792         -0.0066274981 
 1152               60.00000         -0.0065119844 
 1153               60.05208         -0.0061428556 
 1154               60.10417         -0.0056053175 
 1155               60.15625         -0.0049875704 
 1156               60.20833         -0.0043694942 
 1157               60.26042         -0.0038233716 
 1158               60.31250         -0.0034038830 
 1159               60.36458         -0.0031345367 
 1160               60.41667         -0.0029869525 
 1161               60.46875         -0.0029302665 
 1162               60.52083         -0.0029352897 
 1163               60.57292         -0.0029664771 
 1164               60.62500         -0.0029929648 
 1165               60.67708         -0.0029948684 
 1166               60.72917         -0.0029880578 
 1167               60.78125         -0.0029988204 
 1168               60.83333         -0.0030657153 
 1169               60.88542         -0.0032433493 
 1170               60.93750         -0.0035863872 
 1171               60.98958         -0.0041340057 
 1172               61.04167         -0.0048725857 
 1173               61.09375         -0.0057512678 
 1174               61.14583         -0.0067025547 
 1175               61.19792         -0.0076516676 
 1176               61.25000         -0.0085261916 
 1177               61.30208         -0.0092769340 
 1178               61.35417         -0.0099194821 
 1179               61.40625         -0.0105189195 
 1180               61.45833         -0.0111553205 
 1181               61.51042         -0.0119122910 
 1182               61.56250         -0.0128571208 
 1183               61.61458         -0.0140237074 
 1184               61.66667         -0.0154006377 
 1185               61.71875         -0.0169403589 
 1186               61.77083         -0.0185687133 
 1187               61.82292         -0.0201820616 
 1188               61.87500         -0.0216889941 
 1189               61.92708         -0.0230361663 
 1190               61.97917         -0.0241957410 
 1191               62.03125         -0.0251546670 
 1192               62.08333         -0.0259273244 
 1193               62.13542         -0.0265709832 
 1194               62.18750         -0.0271478420 
 1195               62.23958         -0.0276936545 
 1196               62.29167         -0.0282165251 
 1197               62.34375         -0.0287111700 
 1198               62.39583         -0.0291524486 
 1199               62.44792         -0.0294821457 
 1200               62.50000         -0.0296339936 
 1201               62.55208         -0.0295447558 
 1202               62.60417         -0.0291748617 
 1203               62.65625         -0.0285008614 
 1204               62.70833         -0.0275171654 
 1205               62.76042         -0.0262463183 
 1206               62.81250         -0.0247221540 
 1207               62.86458         -0.0230045654 
 1208               62.91667         -0.0211576765 
 1209               62.96875         -0.0192542999 
 1210               63.02083         -0.0173773465 
 1211               63.07292         -0.0156122300 
 1212               63.12500         -0.0140453501 
 1213               63.17708         -0.0127400870 
 1214               63.22917         -0.0117572539 
 1215               63.28125         -0.0111473372 
 1216               63.33333         -0.0109391104 
 1217               63.38542         -0.0111398625 
 1218               63.43750         -0.0117439549 
 1219               63.48958         -0.0127472610 
 1220               63.54167         -0.0141262894 
 1221               63.59375         -0.0158399018 
 1222               63.64583         -0.0178417339 
 1223               63.69792         -0.0200727875 
 1224               63.75000         -0.0224635669 
 1225               63.80208         -0.0249371787 
 1226               63.85417         -0.0274194563 
 1227               63.90625         -0.0298444954 
 1228               63.95833         -0.0321390385 
 1229               64.01042         -0.0342378726 
 1230               64.06250         -0.0360775298 
 1231               64.11458         -0.0375873122 
 1232               64.16667         -0.0386934751 
 1233               64.21875         -0.0393199924 
 1234               64.27083         -0.0394145623 
 1235               64.32292         -0.0389481084 
 1236               64.37500         -0.0379227564 
 1237               64.42708         -0.0363763407 
 1238               64.47917         -0.0343746031 
 1239               64.53125         -0.0320070335 
 1240               64.58333         -0.0293653148 
 1241               64.63542         -0.0265326309 
 1242               64.68750         -0.0235797181 
 1243               64.73958         -0.0205623902 
 1244               64.79167         -0.0175405872 
 1245               64.84375         -0.0145764762 
 1246               64.89583         -0.0117424053 
 1247               64.94792         -0.0091273395 
 1248               65.00000         -0.0068262473 
 1249               65.05208         -0.0049452504 
 1250               65.10417         -0.0035645529 
 1251               65.15625         -0.0027327376 
 1252               65.20833         -0.0024622311 
 1253               65.26042         -0.0027300139 
 1254               65.31250         -0.0034933323 
 1255               65.36458         -0.0046802597 
 1256               65.41667         -0.0062245166 
 1257               65.46875         -0.0080738065 
 1258               65.52083         -0.0101818433 
 1259               65.57292         -0.0124984363 
 1260               65.62500         -0.0149617957 
 1261               65.67708         -0.0174995118 
 1262               65.72917         -0.0200005982 
 1263               65.78125         -0.0223253485 
 1264               65.83333         -0.0243399334 
 1265               65.88542         -0.0259221107 
 1266               65.93750         -0.0269577574 
 1267               65.98958         -0.0273613220 
 1268               66.04167         -0.0270999285 
 1269               66.09375         -0.0261872835 
 1270               66.14583         -0.0246446296 
 1271               66.19792         -0.0225160805 
 1272               66.25000         -0.0198834556 
 1273               66.30208         -0.0168319721 
 1274               66.35417         -0.0134443820 
 1275               66.40625         -0.0097910213 
 1276               66.45833         -0.0059565163 
 1277               66.51042         -0.0020132176 
 1278               66.56250          0.0019980588 
 1279               66.61458          0.0060267211 
 1280               66.66667          0.0100187939 
 1281               66.71875          0.0139107043 
 1282               66.77083          0.0176480929 
 1283               66.82292          0.0211660761 
 1284               66.87500          0.0243739142 
 1285               66.92708          0.0271957289 
 1286               66.97917          0.0295642759 
 1287               67.03125          0.0314208376 
 1288               67.08333          0.0327150955 
 1289               67.13542          0.0334122345 
 1290               67.18750          0.0335125546 
 1291               67.23958          0.0330310428 
 1292               67.29167          0.0320023647 
 1293               67.34375          0.0304971291 
 1294               67.39583          0.0285978928 
 1295               67.44792          0.0264043398 
 1296               67.50000          0.0239966260 
 1297               67.55208          0.0214298440 
 1298               67.60417          0.0187460988 
 1299               67.65625          0.0159385009 
 1300               67.70833          0.0129773162 
 1301               67.76042          0.0098018419 
 1302               67.81250          0.0063625060 
 1303               67.86458          0.0026467271 
 1304               67.91667         -0.0013521990 
 1305               67.96875         -0.0056113339 
 1306               68.02083         -0.0100773310 
 1307               68.07292         -0.0147087760 
 1308               68.12500         -0.0194489860 
 1309               68.17708         -0.0242877815 
 1310               68.22917         -0.0290411142 
 1311               68.28125         -0.0338100434 
 1312               68.33333         -0.0387057634 
 1313               68.38542         -0.0430779425 
 1314               68.43750         -0.0472195484 
 1315               68.48958         -0.0507907457 
 1316               68.54167         -0.0544235970 
 1317               68.59375         -0.0578305642 
 1318               68.64583         -0.0603116303 
 1319               68.69792         -0.0626110635 
 1320               68.75000         -0.0639041398 
 1321               68.80208         -0.0644082164 
 1322               68.85417         -0.0649893245 
 1323               68.90625         -0.0651570104 
 1324               68.95833         -0.0645088786 
 1325               69.01042         -0.0634110768 
 1326               69.06250         -0.0616770514 
 1327               69.11458         -0.0596036562 
 1328               69.16667         -0.0571865461 
 1329               69.21875         -0.0548533611 
 1330               69.27083         -0.0515817443 
 1331               69.32292         -0.0480851007 
 1332               69.37500         -0.0444773140 
 1333               69.42708         -0.0401651162 
 1334               69.47917         -0.0356282808 
 1335               69.53125         -0.0310891471 
 1336               69.58333         -0.0269577712 
 1337               69.63542         -0.0227785218 
 1338               69.68750         -0.0184694237 
 1339               69.73958         -0.0145806486 
 1340               69.79167         -0.0106599040 
 1341               69.84375         -0.0069999218 
 1342               69.89583         -0.0038971504 
 1343               69.94792         -0.0010659462 
 1344               70.00000          0.0016799590 
 1345               70.05208          0.0032826549 
 1346               70.10417          0.0046931203 
 1347               70.15625          0.0057746880 
 1348               70.20833          0.0061115226 
 1349               70.26042          0.0061768896 
 1350               70.31250          0.0058406782 
 1351               70.36458          0.0048312295 
 1352               70.41667          0.0036326518 
 1353               70.46875          0.0017156677 
 1354               70.52083         -0.0001023032 
 1355               70.57292         -0.0021844846 
 1356               70.62500         -0.0042451485 
 1357               70.67708         -0.0060907041 
 1358               70.72917         -0.0082931915 
 1359               70.78125         -0.0102990107 
 1360               70.83333         -0.0119743794 
 1361               70.88542         -0.0136859964 
 1362               70.93750         -0.0152365311 
 1363               70.98958         -0.0164351461 
 1364               71.04167         -0.0177872206 
 1365               71.09375         -0.0187061229 
 1366               71.14583         -0.0195697778 
 1367               71.19792         -0.0201454109 
 1368               71.25000         -0.0203190613 
 1369               71.30208         -0.0201486673 
 1370               71.35417         -0.0198607145 
 1371               71.40625         -0.0192986372 
 1372               71.45833         -0.0183927468 
 1373               71.51042         -0.0171692260 
 1374               71.56250         -0.0157256780 
 1375               71.61458         -0.0140484401 
 1376               71.66667         -0.0123072324 
 1377               71.71875         -0.0111858401 
 1378               71.77083         -0.0097668587 
 1379               71.82292         -0.0082873564 
 1380               71.87500         -0.0070785820 
 1381               71.92708         -0.0056533410 
 1382               71.97917         -0.0044310330 
 1383               72.03125         -0.0032269207 
 1384               72.08333         -0.0021400187 
 1385               72.13542         -0.0015065731 
 1386               72.18750         -0.0006216907 
 1387               72.23958         -0.0001700455 
 1388               72.29167          0.0004562955 
 1389               72.34375          0.0006445602 
 1390               72.39583          0.0011450918 
 1391               72.44792          0.0013390003 
 1392               72.50000          0.0015839670 
 1393               72.55208          0.0016906428 
 1394               72.60417          0.0016855185 
 1395               72.65625          0.0017219865 
 1396               72.70833          0.0015553830 
 1397               72.76042          0.0011642139 
 1398               72.81250          0.0009789150 
 1399               72.86458          0.0007606039 
 1400               72.91667          0.0006395894 
 1401               72.96875          0.0004965203 
 1402               73.02083          0.0004242278 
 1403               73.07292          0.0003508374 
 1404               73.12500          0.0003957917 
 1405               73.17708          0.0001838080 
 1406               73.22917          0.0000826126 
 1407               73.28125         -0.0000003788 
 1408               73.33333          0.0000125816 
 1409               73.38542          0.0000282113 
 1410               73.43750         -0.0000190238 
 1411               73.48958         -0.0000022928 
 1412               73.54167          0.0000008924 
 1413               73.59375          0.0000027841 
 1414               73.64583          0.0000035433 
 1415               73.69792          0.0000034476 
 1416               73.75000          0.0000027745 
 1417               73.80208          0.0000018015 
 1418               73.85417          0.0000008062 
 1419               73.90625          0.0000000660 
 1420               73.95833         -0.0000001413 
 1421               74.01042          0.0000004616 
 1422               74.06250          0.0000021523 
 1423               74.11458          0.0000052084 
 1424               74.16667          0.0000099073 
 1425               74.21875          0.0000000000 
 1426               74.27083          0.0000000000 
 1427               74.32292          0.0000000000 
 1428               74.37500          0.0000000000 
 1429               74.42708          0.0000000000 
 1430               74.47917          0.0000000000 
 1431               74.53125          0.0000000000 
 1432               74.58333          0.0000000000 
 1433               74.63542          0.0000000000 
 1434               74.68750          0.0000000000 
 1435               74.73958          0.0000000000 
 1436               74.79167          0.0000000000 
 1437               74.84375          0.0000000000 
 1438               74.89583          0.0000000000 
 1439               74.94792          0.0000000000 
 1440               75.00000          0.0000000000 
 1441               75.05208          0.0000000000 
 1442               75.10417          0.0000000000 
 1443               75.15625          0.0000000000 
 1444               75.20833          0.0000000000 
 1445               75.26042          0.0000000000 
 1446               75.31250          0.0000000000 
 1447               75.36458          0.0000000000 
 1448               75.41667          0.0000000000 
 1449               75.46875          0.0000000000 
 1450               75.52083          0.0000000000 
 1451               75.57292          0.0000000000 
 1452               75.62500          0.0000000000 
 1453               75.67708          0.0000000000 
 1454               75.72917          0.0000000000 
 1455               75.78125          0.0000000000 
 1456               75.83333          0.0000000000 
 1457               75.88542          0.0000000000 
 1458               75.93750          0.0000000000 
 1459               75.98958          0.0000000000 
 1460               76.04167          0.0000000000 
 1461               76.09375          0.0000000000 
 1462               76.14583          0.0000000000 
 1463               76.19792          0.0000000000 
 1464               76.25000          0.0000000000 
 1465               76.30208          0.0000000000 
 1466               76.35417          0.0000000000 
 1467               76.40625          0.0000000000 
 1468               76.45833          0.0000000000 
 1469               76.51042          0.0000000000 
 1470               76.56250          0.0000000000 
 1471               76.61458          0.0000000000 
 1472               76.66667          0.0000000000 
 1473               76.71875          0.0000000000 
 1474               76.77083          0.0000000000 
 1475               76.82292          0.0000000000 
 1476               76.87500          0.0000000000 
 1477               76.92708          0.0000000000 
 1478               76.97917          0.0000000000 
 1479               77.03125          0.0000000000 
 1480               77.08333          0.0000000000 
 1481               77.13542          0.0000000000 
 1482               77.18750          0.0000000000 
 1483               77.23958          0.0000000000 
 1484               77.29167          0.0000000000 
 1485               77.34375          0.0000000000 
 1486               77.39583          0.0000000000 
 1487               77.44792          0.0000000000 
 1488               77.50000          0.0000000000 
 1489               77.55208          0.0000000000 
 1490               77.60417          0.0000000000 
 1491               77.65625          0.0000000000 
 1492               77.70833          0.0000000000 
 1493               77.76042          0.0000000000 
 1494               77.81250          0.0000000000 
 1495               77.86458          0.0000000000 
 1496               77.91667          0.0000000000 
 1497               77.96875          0.0000000000 
 1498               78.02083          0.0000000000 
 1499               78.07292          0.0000000000 
 1500               78.12500          0.0000000000 
 1501               78.17708          0.0000000000 
 1502               78.22917          0.0000000000 
 1503               78.28125          0.0000000000 
 1504               78.33333          0.0000000000 
 1505               78.38542          0.0000000000 
 1506               78.43750          0.0000000000 
 1507               78.48958          0.0000000000 
 1508               78.54167          0.0000000000 
 1509               78.59375          0.0000000000 
 1510               78.64583          0.0000000000 
 1511               78.69792          0.0000000000 
 1512               78.75000          0.0000000000 
 1513               78.80208          0.0000000000 
 1514               78.85417          0.0000000000 
 1515               78.90625          0.0000000000 
 1516               78.95833          0.0000000000 
 1517               79.01042          0.0000000000 
 1518               79.06250          0.0000000000 
 1519               79.11458          0.0000000000 
 1520               79.16667          0.0000000000 
 1521               79.21875          0.0000000000 
 1522               79.27083          0.0000000000 
 1523               79.32292          0.0000000000 
 1524               79.37500          0.0000000000 
 1525               79.42708          0.0000000000 
 1526               79.47917          0.0000000000 
 1527               79.53125          0.0000000000 
 1528               79.58333          0.0000000000 
 1529               79.63542          0.0000000000 
 1530               79.68750          0.0000000000 
