 Npionts = 1531 
 timeMax = 15
 0                0.00000         -0.0012481698 
 1                0.05208         -0.0015625793 
 2                0.10417         -0.0018872058 
 3                0.15625         -0.0022172054 
 4                0.20833         -0.0025466667 
 5                0.26042         -0.0028675918 
 6                0.31250         -0.0031714988 
 7                0.36458         -0.0034500694 
 8                0.41667         -0.0036951013 
 9                0.46875         -0.0038989688 
 10                0.52083         -0.0040557197 
 11                0.57292         -0.0041634688 
 12                0.62500         -0.0042230661 
 13                0.67708         -0.0042364604 
 14                0.72917         -0.0042062343 
 15                0.78125         -0.0041353545 
 16                0.83333         -0.0040268793 
 17                0.88542         -0.0038814588 
 18                0.93750         -0.0036977398 
 19                0.98958         -0.0034746220 
 20                1.04167         -0.0032121516 
 21                1.09375         -0.0029121088 
 22                1.14583         -0.0025772361 
 23                1.19792         -0.0022120565 
 24                1.25000         -0.0018234074 
 25                1.30208         -0.0014191290 
 26                1.35417         -0.0010070154 
 27                1.40625         -0.0005931599 
 28                1.45833         -0.0001835631 
 29                1.51042          0.0002157400 
 30                1.56250          0.0005995593 
 31                1.61458          0.0009635565 
 32                1.66667          0.0013032480 
 33                1.71875          0.0016128748 
 34                1.77083          0.0018881276 
 35                1.82292          0.0021260131 
 36                1.87500          0.0023242868 
 37                1.92708          0.0024816520 
 38                1.97917          0.0025984142 
 39                2.03125          0.0026759263 
 40                2.08333          0.0027140000 
 41                2.13542          0.0027115914 
 42                2.18750          0.0026671028 
 43                2.23958          0.0025784872 
 44                2.29167          0.0024432274 
 45                2.34375          0.0022600082 
 46                2.39583          0.0020298948 
 47                2.44792          0.0017555043 
 48                2.50000          0.0014418122 
 49                2.55208          0.0010949153 
 50                2.60417          0.0007216997 
 51                2.65625          0.0003283816 
 52                2.70833         -0.0000791976 
 53                2.76042         -0.0004951916 
 54                2.81250         -0.0009158121 
 55                2.86458         -0.0013378672 
 56                2.91667         -0.0017582773 
 57                2.96875         -0.0021733185 
 58                3.02083         -0.0025801613 
 59                3.07292         -0.0029762258 
 60                3.12500         -0.0033568281 
 61                3.17708         -0.0037168996 
 62                3.22917         -0.0040516474 
 63                3.28125         -0.0043567723 
 64                3.33333         -0.0046266379 
 65                3.38542         -0.0048558296 
 66                3.43750         -0.0050413171 
 67                3.48958         -0.0051807556 
 68                3.54167         -0.0052719106 
 69                3.59375         -0.0053130341 
 70                3.64583         -0.0053040981 
 71                3.69792         -0.0052464196 
 72                3.75000         -0.0051412166 
 73                3.80208         -0.0049901587 
 74                3.85417         -0.0047959623 
 75                3.90625         -0.0045618498 
 76                3.95833         -0.0042913288 
 77                4.01042         -0.0039870861 
 78                4.06250         -0.0036517971 
 79                4.11458         -0.0032884081 
 80                4.16667         -0.0028998217 
 81                4.21875         -0.0024899890 
 82                4.27083         -0.0020634601 
 83                4.32292         -0.0016260385 
 84                4.37500         -0.0011843539 
 85                4.42708         -0.0007458305 
 86                4.47917         -0.0003187335 
 87                4.53125          0.0000895286 
 88                4.58333          0.0004721224 
 89                4.63542          0.0008229124 
 90                4.68750          0.0011360996 
 91                4.73958          0.0014062962 
 92                4.79167          0.0016292703 
 93                4.84375          0.0018013232 
 94                4.89583          0.0019192758 
 95                4.94792          0.0019807719 
 96                5.00000          0.0019852812 
 97                5.05208          0.0019345734 
 98                5.10417          0.0018313931 
 99                5.15625          0.0016788918 
 100                5.20833          0.0014814263 
 101                5.26042          0.0012441346 
 102                5.31250          0.0009719377 
 103                5.36458          0.0006686371 
 104                5.41667          0.0003382169 
 105                5.46875         -0.0000137720 
 106                5.52083         -0.0003816496 
 107                5.57292         -0.0007604841 
 108                5.62500         -0.0011455226 
 109                5.67708         -0.0015302122 
 110                5.72917         -0.0019067884 
 111                5.78125         -0.0022689554 
 112                5.83333         -0.0026113260 
 113                5.88542         -0.0029270281 
 114                5.93750         -0.0032080316 
 115                5.98958         -0.0034484238 
 116                6.04167         -0.0036453309 
 117                6.09375         -0.0037963562 
 118                6.14583         -0.0038989509 
 119                6.19792         -0.0039536071 
 120                6.25000         -0.0039644457 
 121                6.30208         -0.0039360256 
 122                6.35417         -0.0038716077 
 123                6.40625         -0.0037743675 
 124                6.45833         -0.0036485192 
 125                6.51042         -0.0034959826 
 126                6.56250         -0.0033159895 
 127                6.61458         -0.0031082446 
 128                6.66667         -0.0028739802 
 129                6.71875         -0.0026155826 
 130                6.77083         -0.0023355561 
 131                6.82292         -0.0020395609 
 132                6.87500         -0.0017351754 
 133                6.92708         -0.0014286218 
 134                6.97917         -0.0011250613 
 135                7.03125         -0.0008281765 
 136                7.08333         -0.0005409585 
 137                7.13542         -0.0002636107 
 138                7.18750          0.0000052051 
 139                7.23958          0.0002660085 
 140                7.29167          0.0005190475 
 141                7.34375          0.0007632254 
 142                7.39583          0.0009964895 
 143                7.44792          0.0012152881 
 144                7.50000          0.0014146883 
 145                7.55208          0.0015898190 
 146                7.60417          0.0017359662 
 147                7.65625          0.0018492239 
 148                7.70833          0.0019273611 
 149                7.76042          0.0019693751 
 150                7.81250          0.0019752983 
 151                7.86458          0.0019455445 
 152                7.91667          0.0018815925 
 153                7.96875          0.0017856081 
 154                8.02083          0.0016586169 
 155                8.07292          0.0015018049 
 156                8.12500          0.0013167382 
 157                8.17708          0.0011048641 
 158                8.22917          0.0008656074 
 159                8.28125          0.0005981778 
 160                8.33333          0.0003032994 
 161                8.38542         -0.0000187696 
 162                8.43750         -0.0003673738 
 163                8.48958         -0.0007397800 
 164                8.54167         -0.0011296331 
 165                8.59375         -0.0015300324 
 166                8.64583         -0.0019341537 
 167                8.69792         -0.0023341463 
 168                8.75000         -0.0027226498 
 169                8.80208         -0.0030946124 
 170                8.85417         -0.0034475095 
 171                8.90625         -0.0037781756 
 172                8.95833         -0.0040844728 
 173                9.01042         -0.0043652462 
 174                9.06250         -0.0046183594 
 175                9.11458         -0.0048397607 
 176                9.16667         -0.0050243520 
 177                9.21875         -0.0051688351 
 178                9.27083         -0.0052688516 
 179                9.32292         -0.0053196323 
 180                9.37500         -0.0053181897 
 181                9.42708         -0.0052637176 
 182                9.47917         -0.0051564912 
 183                9.53125         -0.0049964396 
 184                9.58333         -0.0047859071 
 185                9.63542         -0.0045284337 
 186                9.68750         -0.0042276188 
 187                9.73958         -0.0038875265 
 188                9.79167         -0.0035135590 
 189                9.84375         -0.0031128460 
 190                9.89583         -0.0026913897 
 191                9.94792         -0.0022555602 
 192               10.00000         -0.0018129735 
 193               10.05208         -0.0013713777 
 194               10.10417         -0.0009385533 
 195               10.15625         -0.0005214324 
 196               10.20833         -0.0001279819 
 197               10.26042          0.0002343614 
 198               10.31250          0.0005600465 
 199               10.36458          0.0008449271 
 200               10.41667          0.0010872930 
 201               10.46875          0.0012865434 
 202               10.52083          0.0014434161 
 203               10.57292          0.0015588334 
 204               10.62500          0.0016336772 
 205               10.67708          0.0016685121 
 206               10.72917          0.0016623376 
 207               10.78125          0.0016139087 
 208               10.83333          0.0015227180 
 209               10.88542          0.0013894138 
 210               10.93750          0.0012154170 
 211               10.98958          0.0010036620 
 212               11.04167          0.0007596828 
 213               11.09375          0.0004906475 
 214               11.14583          0.0002036119 
 215               11.19792         -0.0000939521 
 216               11.25000         -0.0003950079 
 217               11.30208         -0.0006941110 
 218               11.35417         -0.0009881299 
 219               11.40625         -0.0012757774 
 220               11.45833         -0.0015560555 
 221               11.51042         -0.0018292364 
 222               11.56250         -0.0020950014 
 223               11.61458         -0.0023512562 
 224               11.66667         -0.0025946459 
 225               11.71875         -0.0028204834 
 226               11.77083         -0.0030232231 
 227               11.82292         -0.0031965546 
 228               11.87500         -0.0033354723 
 229               11.92708         -0.0034372258 
 230               11.97917         -0.0035002583 
 231               12.03125         -0.0035245257 
 232               12.08333         -0.0035122883 
 233               12.13542         -0.0034674547 
 234               12.18750         -0.0033940062 
 235               12.23958         -0.0032949332 
 236               12.29167         -0.0031718744 
 237               12.34375         -0.0030254009 
 238               12.39583         -0.0028539428 
 239               12.44792         -0.0026544950 
 240               12.50000         -0.0024232389 
 241               12.55208         -0.0021567498 
 242               12.60417         -0.0018543230 
 243               12.65625         -0.0015172310 
 244               12.70833         -0.0011488163 
 245               12.76042         -0.0007519163 
 246               12.81250         -0.0003276257 
 247               12.86458          0.0001265004 
 248               12.91667          0.0006213873 
 249               12.96875          0.0011786955 
 250               13.02083          0.0018328479 
 251               13.07292          0.0026310307 
 252               13.12500          0.0036358989 
 253               13.17708          0.0049296366 
 254               13.22917          0.0066147998 
 255               13.28125          0.0088176379 
 256               13.33333          0.0116903340 
 257               13.38542          0.0154128147 
 258               13.43750          0.0201944850 
 259               13.48958          0.0262742500 
 260               13.54167          0.0339178924 
 261               13.59375          0.0434137311 
 262               13.64583          0.0550627862 
 263               13.69792          0.0691684629 
 264               13.75000          0.0860264503 
 265               13.80208          0.1059123534 
 266               13.85417          0.1290689285 
 267               13.90625          0.1556909775 
 268               13.95833          0.1859168970 
 269               14.01042          0.2198205952 
 270               14.06250          0.2573984012 
 271               14.11458          0.2985564895 
 272               14.16667          0.3431021626 
 273               14.21875          0.3907358082 
 274               14.27083          0.4410497736 
 275               14.32292          0.4935308703 
 276               14.37500          0.5475598335 
 277               14.42708          0.6024124106 
 278               14.47917          0.6572717768 
 279               14.53125          0.7112411838 
 280               14.58333          0.7633671227 
 281               14.63542          0.8126611575 
 282               14.68750          0.8581215156 
 283               14.73958          0.8987611061 
 284               14.79167          0.9336373021 
 285               14.84375          0.9618875011 
 286               14.89583          0.9827548744 
 287               14.94792          0.9956133694 
 288               15.00000          1.0000000000 
 289               15.05208          0.9956424116 
 290               15.10417          0.9824750985 
 291               15.15625          0.9606506450 
 292               15.20833          0.9305312910 
 293               15.26042          0.8926745257 
 294               15.31250          0.8478218104 
 295               15.36458          0.7968858892 
 296               15.41667          0.7409218860 
 297               15.46875          0.6810975610 
 298               15.52083          0.6186541149 
 299               15.57292          0.5548705931 
 300               15.62500          0.4910337147 
 301               15.67708          0.4284002993 
 302               15.72917          0.3681586816 
 303               15.78125          0.3113915244 
 304               15.83333          0.2590518500 
 305               15.88542          0.2119428499 
 306               15.93750          0.1706903501 
 307               15.98958          0.1357226903 
 308               16.04167          0.1072658889 
 309               16.09375          0.0853409577 
 310               16.14583          0.0697794410 
 311               16.19792          0.0602413557 
 312               16.25000          0.0562303544 
 313               16.30208          0.0571108835 
 314               16.35417          0.0621365956 
 315               16.40625          0.0704782357 
 316               16.45833          0.0812606425 
 317               16.51042          0.0935954575 
 318               16.56250          0.1066067749 
 319               16.61458          0.1194604492 
 320               16.66667          0.1313942307 
 321               16.71875          0.1417469873 
 322               16.77083          0.1499711613 
 323               16.82292          0.1556412413 
 324               16.87500          0.1584679267 
 325               16.92708          0.1583087813 
 326               16.97917          0.1551634317 
 327               17.03125          0.1491644383 
 328               17.08333          0.1405569634 
 329               17.13542          0.1296801006 
 330               17.18750          0.1169523814 
 331               17.23958          0.1028491306 
 332               17.29167          0.0878765869 
 333               17.34375          0.0725483676 
 334               17.39583          0.0573618019 
 335               17.44792          0.0427788727 
 336               17.50000          0.0292092926 
 337               17.55208          0.0169957818 
 338               17.60417          0.0064039663 
 339               17.65625         -0.0023844735 
 340               17.70833         -0.0092678447 
 341               17.76042         -0.0142202094 
 342               17.81250         -0.0172912122 
 343               17.86458         -0.0185995432 
 344               17.91667         -0.0183207673 
 345               17.96875         -0.0166758648 
 346               18.02083         -0.0139130740 
 347               18.07292         -0.0102933006 
 348               18.12500         -0.0060790926 
 349               18.17708         -0.0015228146 
 350               18.22917          0.0031448221 
 351               18.28125          0.0077265562 
 352               18.33333          0.0120633180 
 353               18.38542          0.0160347437 
 354               18.43750          0.0195616185 
 355               18.48958          0.0226072520 
 356               18.54167          0.0251737462 
 357               18.59375          0.0272938380 
 358               18.64583          0.0290185014 
 359               18.69792          0.0304123093 
 360               18.75000          0.0315488299 
 361               18.80208          0.0325005128 
 362               18.85417          0.0333319351 
 363               18.90625          0.0340961891 
 364               18.95833          0.0348308679 
 365               19.01042          0.0355531347 
 366               19.06250          0.0362606348 
 367               19.11458          0.0369333566 
 368               19.16667          0.0375339025 
 369               19.21875          0.0380080157 
 370               19.27083          0.0382917150 
 371               19.32292          0.0383189182 
 372               19.37500          0.0380229062 
 373               19.42708          0.0373409967 
 374               19.47917          0.0362224182 
 375               19.53125          0.0346358334 
 376               19.58333          0.0325749219 
 377               19.63542          0.0300565429 
 378               19.68750          0.0271210728 
 379               19.73958          0.0238343561 
 380               19.79167          0.0202838168 
 381               19.84375          0.0165738732 
 382               19.89583          0.0128197529 
 383               19.94792          0.0091444584 
 384               20.00000          0.0056734987 
 385               20.05208          0.0025273045 
 386               20.10417         -0.0001847448 
 387               20.15625         -0.0023694182 
 388               20.20833         -0.0039569374 
 389               20.26042         -0.0049040658 
 390               20.31250         -0.0051948131 
 391               20.36458         -0.0048427265 
 392               20.41667         -0.0038902308 
 393               20.46875         -0.0024078716 
 394               20.52083         -0.0004904144 
 395               20.57292          0.0017482262 
 396               20.62500          0.0041807282 
 397               20.67708          0.0066725466 
 398               20.72917          0.0090890733 
 399               20.78125          0.0113023078 
 400               20.83333          0.0131977274 
 401               20.88542          0.0146783438 
 402               20.93750          0.0156673292 
 403               20.98958          0.0161118070 
 404               21.04167          0.0159839431 
 405               21.09375          0.0152817425 
 406               21.14583          0.0140314314 
 407               21.19792          0.0122840985 
 408               21.25000          0.0101107260 
 409               21.30208          0.0075998337 
 410               21.35417          0.0048526902 
 411               21.40625          0.0019785356 
 412               21.45833         -0.0009138796 
 413               21.51042         -0.0037201959 
 414               21.56250         -0.0063427430 
 415               21.61458         -0.0086971997 
 416               21.66667         -0.0107155880 
 417               21.71875         -0.0123481899 
 418               21.77083         -0.0135668909 
 419               21.82292         -0.0143643819 
 420               21.87500         -0.0147527093 
 421               21.92708         -0.0147610749 
 422               21.97917         -0.0144341107 
 423               22.03125         -0.0138303484 
 424               22.08333         -0.0130166643 
 425               22.13542         -0.0120652560 
 426               22.18750         -0.0110499893 
 427               22.23958         -0.0100419604 
 428               22.29167         -0.0091049186 
 429               22.34375         -0.0082917262 
 430               22.39583         -0.0076418513 
 431               22.44792         -0.0071800372 
 432               22.50000         -0.0069163382 
 433               22.55208         -0.0068465032 
 434               22.60417         -0.0069527665 
 435               22.65625         -0.0072050719 
 436               22.70833         -0.0075604734 
 437               22.76042         -0.0079672787 
 438               22.81250         -0.0083699829 
 439               22.86458         -0.0087113638 
 440               22.91667         -0.0089371069 
 441               22.96875         -0.0089987271 
 442               23.02083         -0.0088598141 
 443               23.07292         -0.0084956717 
 444               23.12500         -0.0078928751 
 445               23.17708         -0.0070519532 
 446               23.22917         -0.0059862672 
 447               23.28125         -0.0047213934 
 448               23.33333         -0.0032934025 
 449               23.38542         -0.0017468217 
 450               23.43750         -0.0001313914 
 451               23.48958          0.0015002535 
 452               23.54167          0.0030947477 
 453               23.59375          0.0046009189 
 454               23.64583          0.0059708476 
 455               23.69792          0.0071597930 
 456               23.75000          0.0081278141 
 457               23.80208          0.0088430948 
 458               23.85417          0.0092836803 
 459               23.90625          0.0094360792 
 460               23.95833          0.0092984156 
 461               24.01042          0.0088816535 
 462               24.06250          0.0082078351 
 463               24.11458          0.0073088676 
 464               24.16667          0.0062243269 
 465               24.21875          0.0050015384 
 466               24.27083          0.0036937796 
 467               24.32292          0.0023561399 
 468               24.37500          0.0010423216 
 469               24.42708         -0.0001984293 
 470               24.47917         -0.0013235392 
 471               24.53125         -0.0022989477 
 472               24.58333         -0.0031022261 
 473               24.63542         -0.0037203286 
 474               24.68750         -0.0041486794 
 475               24.73958         -0.0043919668 
 476               24.79167         -0.0044638098 
 477               24.84375         -0.0043849883 
 478               24.89583         -0.0041831441 
 479               24.94792         -0.0038925009 
 480               25.00000         -0.0035516085 
 481               25.05208         -0.0032000930 
 482               25.10417         -0.0028748286 
 483               25.15625         -0.0026100696 
 484               25.20833         -0.0024340310 
 485               25.26042         -0.0023683202 
 486               25.31250         -0.0024269211 
 487               25.36458         -0.0026155560 
 488               25.41667         -0.0029337314 
 489               25.46875         -0.0033741566 
 490               25.52083         -0.0039239579 
 491               25.57292         -0.0045652152 
 492               25.62500         -0.0052772425 
 493               25.67708         -0.0060374132 
 494               25.72917         -0.0068206588 
 495               25.78125         -0.0076013716 
 496               25.83333         -0.0083537072 
 497               25.88542         -0.0090538794 
 498               25.93750         -0.0096815973 
 499               25.98958         -0.0102233005 
 500               26.04167         -0.0106755287 
 501               26.09375         -0.0110443709 
 502               26.14583         -0.0113460399 
 503               26.19792         -0.0116045736 
 504               26.25000         -0.0118497871 
 505               26.30208         -0.0121146251 
 506               26.35417         -0.0124314476 
 507               26.40625         -0.0128308886 
 508               26.45833         -0.0133420280 
 509               26.51042         -0.0139902738 
 510               26.56250         -0.0147964351 
 511               26.61458         -0.0157763439 
 512               26.66667         -0.0169403523 
 513               26.71875         -0.0182914626 
 514               26.77083         -0.0198227878 
 515               26.82292         -0.0215199287 
 516               26.87500         -0.0233601564 
 517               26.92708         -0.0253109682 
 518               26.97917         -0.0273303797 
 519               27.03125         -0.0293703111 
 520               27.08333         -0.0313792902 
 521               27.13542         -0.0333031905 
 522               27.18750         -0.0350886421 
 523               27.23958         -0.0366844800 
 524               27.29167         -0.0380449054 
 525               27.34375         -0.0391301601 
 526               27.39583         -0.0399065962 
 527               27.44792         -0.0403487243 
 528               27.50000         -0.0404392910 
 529               27.55208         -0.0401737180 
 530               27.60417         -0.0395604024 
 531               27.65625         -0.0386203181 
 532               27.70833         -0.0373876074 
 533               27.76042         -0.0359058363 
 534               27.81250         -0.0342276400 
 535               27.86458         -0.0324111851 
 536               27.91667         -0.0305172404 
 537               27.96875         -0.0286072179 
 538               28.02083         -0.0267404751 
 539               28.07292         -0.0249739497 
 540               28.12500         -0.0233591175 
 541               28.17708         -0.0219393750 
 542               28.22917         -0.0207492267 
 543               28.28125         -0.0198127003 
 544               28.33333         -0.0191431411 
 545               28.38542         -0.0187433482 
 546               28.43750         -0.0186057798 
 547               28.48958         -0.0187132026 
 548               28.54167         -0.0190378206 
 549               28.59375         -0.0195438080 
 550               28.64583         -0.0201882365 
 551               28.69792         -0.0209225314 
 552               28.75000         -0.0216945737 
 553               28.80208         -0.0224505350 
 554               28.85417         -0.0231401120 
 555               28.90625         -0.0237172200 
 556               28.95833         -0.0241425143 
 557               29.01042         -0.0243861063 
 558               29.06250         -0.0244288783 
 559               29.11458         -0.0242643642 
 560               29.16667         -0.0238963196 
 561               29.21875         -0.0233395667 
 562               29.27083         -0.0226187349 
 563               29.32292         -0.0217635507 
 564               29.37500         -0.0208075736 
 565               29.42708         -0.0197870492 
 566               29.47917         -0.0187408305 
 567               29.53125         -0.0177072701 
 568               29.58333         -0.0167220869 
 569               29.63542         -0.0158194453 
 570               29.68750         -0.0150295171 
 571               29.73958         -0.0143756957 
 572               29.79167         -0.0138717643 
 573               29.84375         -0.0135219151 
 574               29.89583         -0.0133210893 
 575               29.94792         -0.0132553790 
 576               30.00000         -0.0133037066 
 577               30.05208         -0.0134382359 
 578               30.10417         -0.0136270348 
 579               30.15625         -0.0138354532 
 580               30.20833         -0.0140280828 
 581               30.26042         -0.0141699993 
 582               30.31250         -0.0142273990 
 583               30.36458         -0.0141703655 
 584               30.41667         -0.0139742725 
 585               30.46875         -0.0136224154 
 586               30.52083         -0.0131062401 
 587               30.57292         -0.0124253757 
 588               30.62500         -0.0115887072 
 589               30.67708         -0.0106144022 
 590               30.72917         -0.0095291780 
 591               30.78125         -0.0083646673 
 592               30.83333         -0.0071566039 
 593               30.88542         -0.0059431596 
 594               30.93750         -0.0047632874 
 595               30.98958         -0.0036546768 
 596               31.04167         -0.0026513894 
 597               31.09375         -0.0017841439 
 598               31.14583         -0.0010781712 
 599               31.19792         -0.0005510971 
 600               31.25000         -0.0002121301 
 601               31.30208         -0.0000613628 
 602               31.35417         -0.0000908377 
 603               31.40625         -0.0002839177 
 604               31.45833         -0.0006167938 
 605               31.51042         -0.0010632882 
 606               31.56250         -0.0015950472 
 607               31.61458         -0.0021829403 
 608               31.66667         -0.0027970887 
 609               31.71875         -0.0034094957 
 610               31.77083         -0.0039950470 
 611               31.82292         -0.0045298835 
 612               31.87500         -0.0049934801 
 613               31.92708         -0.0053692658 
 614               31.97917         -0.0056471686 
 615               32.03125         -0.0058225970 
 616               32.08333         -0.0058972323 
 617               32.13542         -0.0058794500 
 618               32.18750         -0.0057835851 
 619               32.23958         -0.0056301495 
 620               32.29167         -0.0054420434 
 621               32.34375         -0.0052450872 
 622               32.39583         -0.0050654810 
 623               32.44792         -0.0049270807 
 624               32.50000         -0.0048499384 
 625               32.55208         -0.0048478835 
 626               32.60417         -0.0049311130 
 627               32.65625         -0.0051032032 
 628               32.70833         -0.0053612676 
 629               32.76042         -0.0056974935 
 630               32.81250         -0.0060996081 
 631               32.86458         -0.0065529868 
 632               32.91667         -0.0070375964 
 633               32.96875         -0.0075307730 
 634               33.02083         -0.0080089481 
 635               33.07292         -0.0084487648 
 636               33.12500         -0.0088281276 
 637               33.17708         -0.0091248988 
 638               33.22917         -0.0093219888 
 639               33.28125         -0.0094073073 
 640               33.33333         -0.0093728186 
 641               33.38542         -0.0092151849 
 642               33.43750         -0.0089356784 
 643               33.48958         -0.0085425893 
 644               33.54167         -0.0080471849 
 645               33.59375         -0.0074637708 
 646               33.64583         -0.0068113428 
 647               33.69792         -0.0061116590 
 648               33.75000         -0.0053884450 
 649               33.80208         -0.0046651149 
 650               33.85417         -0.0039656704 
 651               33.90625         -0.0033130601 
 652               33.95833         -0.0027255625 
 653               34.01042         -0.0022160699 
 654               34.06250         -0.0017925871 
 655               34.11458         -0.0014585040 
 656               34.16667         -0.0012117712 
 657               34.21875         -0.0010456022 
 658               34.27083         -0.0009511664 
 659               34.32292         -0.0009188754 
 660               34.37500         -0.0009370539 
 661               34.42708         -0.0009913504 
 662               34.47917         -0.0010668576 
 663               34.53125         -0.0011492519 
 664               34.58333         -0.0012244831 
 665               34.63542         -0.0012795886 
 666               34.68750         -0.0013054912 
 667               34.73958         -0.0012998051 
 668               34.79167         -0.0012660353 
 669               34.84375         -0.0012127024 
 670               34.89583         -0.0011531958 
 671               34.94792         -0.0011047029 
 672               35.00000         -0.0010851294 
 673               35.05208         -0.0011101926 
 674               35.10417         -0.0011929152 
 675               35.15625         -0.0013432467 
 676               35.20833         -0.0015675279 
 677               35.26042         -0.0018687586 
 678               35.31250         -0.0022484956 
 679               35.36458         -0.0027075782 
 680               35.41667         -0.0032453838 
 681               35.46875         -0.0038596265 
 682               35.52083         -0.0045457780 
 683               35.57292         -0.0052953972 
 684               35.62500         -0.0060950846 
 685               35.67708         -0.0069262809 
 686               35.72917         -0.0077653735 
 687               35.78125         -0.0085842542 
 688               35.83333         -0.0093521569 
 689               35.88542         -0.0100389913 
 690               35.93750         -0.0106162275 
 691               35.98958         -0.0110578318 
 692               36.04167         -0.0113431813 
 693               36.09375         -0.0114585732 
 694               36.14583         -0.0113969085 
 695               36.19792         -0.0111562226 
 696               36.25000         -0.0107404863 
 697               36.30208         -0.0101599685 
 698               36.35417         -0.0094292330 
 699               36.40625         -0.0085664146 
 700               36.45833         -0.0075937806 
 701               36.51042         -0.0065376713 
 702               36.56250         -0.0054269739 
 703               36.61458         -0.0042928829 
 704               36.66667         -0.0031685438 
 705               36.71875         -0.0020865619 
 706               36.77083         -0.0010767253 
 707               36.82292         -0.0001646820 
 708               36.87500          0.0006280871 
 709               36.92708          0.0012857351 
 710               36.97917          0.0017990282 
 711               37.03125          0.0021637566 
 712               37.08333          0.0023809630 
 713               37.13542          0.0024564783 
 714               37.18750          0.0024012897 
 715               37.23958          0.0022314570 
 716               37.29167          0.0019665045 
 717               37.34375          0.0016295265 
 718               37.39583          0.0012447120 
 719               37.44792          0.0008355267 
 720               37.50000          0.0004235293 
 721               37.55208          0.0000272302 
 722               37.60417         -0.0003378988 
 723               37.65625         -0.0006609399 
 724               37.70833         -0.0009341542 
 725               37.76042         -0.0011518217 
 726               37.81250         -0.0013110301 
 727               37.86458         -0.0014115542 
 728               37.91667         -0.0014554522 
 729               37.96875         -0.0014457367 
 730               38.02083         -0.0013879979 
 731               38.07292         -0.0012904017 
 732               38.12500         -0.0011613840 
 733               38.17708         -0.0010102373 
 734               38.22917         -0.0008474035 
 735               38.28125         -0.0006843571 
 736               38.33333         -0.0005307640 
 737               38.38542         -0.0003941845 
 738               38.43750         -0.0002816513 
 739               38.48958         -0.0001982021 
 740               38.54167         -0.0001459120 
 741               38.59375         -0.0001236914 
 742               38.64583         -0.0001296550 
 743               38.69792         -0.0001612466 
 744               38.75000         -0.0002142843 
 745               38.80208         -0.0002832243 
 746               38.85417         -0.0003629567 
 747               38.90625         -0.0004492082 
 748               38.95833         -0.0005368367 
 749               39.01042         -0.0006206394 
 750               39.06250         -0.0006966118 
 751               39.11458         -0.0007627835 
 752               39.16667         -0.0008168597 
 753               39.21875         -0.0008575134 
 754               39.27083         -0.0008862068 
 755               39.32292         -0.0009062011 
 756               39.37500         -0.0009213519 
 757               39.42708         -0.0009358809 
 758               39.47917         -0.0009569873 
 759               39.53125         -0.0009917884 
 760               39.58333         -0.0010461152 
 761               39.63542         -0.0011244318 
 762               39.68750         -0.0012301945 
 763               39.73958         -0.0013649511 
 764               39.79167         -0.0015255251 
 765               39.84375         -0.0017067798 
 766               39.89583         -0.0019012300 
 767               39.94792         -0.0021000414 
 768               40.00000         -0.0022929822 
 769               40.05208         -0.0024695837 
 770               40.10417         -0.0026221831 
 771               40.15625         -0.0027436897 
 772               40.20833         -0.0028286392 
 773               40.26042         -0.0028724187 
 774               40.31250         -0.0028718972 
 775               40.36458         -0.0028255206 
 776               40.41667         -0.0027310886 
 777               40.46875         -0.0025891689 
 778               40.52083         -0.0024030089 
 779               40.57292         -0.0021791611 
 780               40.62500         -0.0019267597 
 781               40.67708         -0.0016565323 
 782               40.72917         -0.0013822859 
 783               40.78125         -0.0011178557 
 784               40.83333         -0.0008766488 
 785               40.88542         -0.0006711835 
 786               40.93750         -0.0005139645 
 787               40.98958         -0.0004179231 
 788               41.04167         -0.0003937550 
 789               41.09375         -0.0004507051 
 790               41.14583         -0.0005963826 
 791               41.19792         -0.0008354753 
 792               41.25000         -0.0011675225 
 793               41.30208         -0.0015862266 
 794               41.35417         -0.0020818793 
 795               41.40625         -0.0026399519 
 796               41.45833         -0.0032404318 
 797               41.51042         -0.0038602138 
 798               41.56250         -0.0044754541 
 799               41.61458         -0.0050625667 
 800               41.66667         -0.0055976880 
 801               41.71875         -0.0060594732 
 802               41.77083         -0.0064316487 
 803               41.82292         -0.0067017671 
 804               41.87500         -0.0068608069 
 805               41.92708         -0.0069030622 
 806               41.97917         -0.0068271857 
 807               42.03125         -0.0066358077 
 808               42.08333         -0.0063336385 
 809               42.13542         -0.0059283167 
 810               42.18750         -0.0054303016 
 811               42.23958         -0.0048532419 
 812               42.29167         -0.0042128408 
 813               42.34375         -0.0035252538 
 814               42.39583         -0.0028080025 
 815               42.44792         -0.0020796159 
 816               42.50000         -0.0013589525 
 817               42.55208         -0.0006643134 
 818               42.60417         -0.0000128650 
 819               42.65625          0.0005783252 
 820               42.70833          0.0010940388 
 821               42.76042          0.0015226729 
 822               42.81250          0.0018558381 
 823               42.86458          0.0020884890 
 824               42.91667          0.0022189650 
 825               42.96875          0.0022508073 
 826               43.02083          0.0021919617 
 827               43.07292          0.0020531388 
 828               43.12500          0.0018486126 
 829               43.17708          0.0015956611 
 830               43.22917          0.0013134091 
 831               43.28125          0.0010202768 
 832               43.33333          0.0007329981 
 833               43.38542          0.0004662287 
 834               43.43750          0.0002302911 
 835               43.48958          0.0000311936 
 836               43.54167         -0.0001293646 
 837               43.59375         -0.0002533090 
 838               43.64583         -0.0003458512 
 839               43.69792         -0.0004152883 
 840               43.75000         -0.0004711147 
 841               43.80208         -0.0005244683 
 842               43.85417         -0.0005873707 
 843               43.90625         -0.0006714582 
 844               43.95833         -0.0007877680 
 845               44.01042         -0.0009455494 
 846               44.06250         -0.0011522244 
 847               44.11458         -0.0014122130 
 848               44.16667         -0.0017271016 
 849               44.21875         -0.0020970758 
 850               44.27083         -0.0025197670 
 851               44.32292         -0.0029909636 
 852               44.37500         -0.0035054143 
 853               44.42708         -0.0040569908 
 854               44.47917         -0.0046374037 
 855               44.53125         -0.0052346429 
 856               44.58333         -0.0058349378 
 857               44.63542         -0.0064234294 
 858               44.68750         -0.0069825709 
 859               44.73958         -0.0074924631 
 860               44.79167         -0.0079344873 
 861               44.84375         -0.0082933070 
 862               44.89583         -0.0085553979 
 863               44.94792         -0.0087081872 
 864               45.00000         -0.0087435256 
 865               45.05208         -0.0086590043 
 866               45.10417         -0.0084551526 
 867               45.15625         -0.0081347779 
 868               45.20833         -0.0077048275 
 869               45.26042         -0.0071777324 
 870               45.31250         -0.0065682743 
 871               45.36458         -0.0058921398 
 872               45.41667         -0.0051667500 
 873               45.46875         -0.0044109750 
 874               45.52083         -0.0036431270 
 875               45.57292         -0.0028787070 
 876               45.62500         -0.0021319571 
 877               45.67708         -0.0014165747 
 878               45.72917         -0.0007445714 
 879               45.78125         -0.0001254141 
 880               45.83333          0.0004330682 
 881               45.88542          0.0009231578 
 882               45.93750          0.0013390020 
 883               45.98958          0.0016782098 
 884               46.04167          0.0019407640 
 885               46.09375          0.0021280417 
 886               46.14583          0.0022440231 
 887               46.19792          0.0022958416 
 888               46.25000          0.0022920875 
 889               46.30208          0.0022410176 
 890               46.35417          0.0021506274 
 891               46.40625          0.0020287213 
 892               46.45833          0.0018808939 
 893               46.51042          0.0017100679 
 894               46.56250          0.0015171211 
 895               46.61458          0.0013018137 
 896               46.66667          0.0010629854 
 897               46.71875          0.0007988396 
 898               46.77083          0.0005084551 
 899               46.82292          0.0001920129 
 900               46.87500         -0.0001492417 
 901               46.92708         -0.0005135572 
 902               46.97917         -0.0008990597 
 903               47.03125         -0.0013034137 
 904               47.08333         -0.0017246159 
 905               47.13542         -0.0021605976 
 906               47.18750         -0.0026088955 
 907               47.23958         -0.0030658590 
 908               47.29167         -0.0035252344 
 909               47.34375         -0.0039799200 
 910               47.39583         -0.0044208597 
 911               47.44792         -0.0048377132 
 912               47.50000         -0.0052201455 
 913               47.55208         -0.0055583049 
 914               47.60417         -0.0058443831 
 915               47.65625         -0.0060705159 
 916               47.70833         -0.0062311526 
 917               47.76042         -0.0063233461 
 918               47.81250         -0.0063452066 
 919               47.86458         -0.0062962163 
 920               47.91667         -0.0061772431 
 921               47.96875         -0.0059924341 
 922               48.02083         -0.0057473491 
 923               48.07292         -0.0054481184 
 924               48.12500         -0.0051021172 
 925               48.17708         -0.0047183084 
 926               48.22917         -0.0043074201 
 927               48.28125         -0.0038797874 
 928               48.33333         -0.0034453969 
 929               48.38542         -0.0030138454 
 930               48.43750         -0.0025949510 
 931               48.48958         -0.0021977993 
 932               48.54167         -0.0018291248 
 933               48.59375         -0.0014949665 
 934               48.64583         -0.0012004610 
 935               48.69792         -0.0009500540 
 936               48.75000         -0.0007461722 
 937               48.80208         -0.0005892978 
 938               48.85417         -0.0004783519 
 939               48.90625         -0.0004099321 
 940               48.95833         -0.0003795168 
 941               49.01042         -0.0003816563 
 942               49.06250         -0.0004104888 
 943               49.11458         -0.0004598506 
 944               49.16667         -0.0005250427 
 945               49.21875         -0.0006030506 
 946               49.27083         -0.0006914735 
 947               49.32292         -0.0007889805 
 948               49.37500         -0.0008957306 
 949               49.42708         -0.0010137268 
 950               49.47917         -0.0011446113 
 951               49.53125         -0.0012904719 
 952               49.58333         -0.0014541911 
 953               49.63542         -0.0016381054 
 954               49.68750         -0.0018435926 
 955               49.73958         -0.0020711347 
 956               49.79167         -0.0023221959 
 957               49.84375         -0.0025972924 
 958               49.89583         -0.0028957183 
 959               49.94792         -0.0032165025 
 960               50.00000         -0.0035585956 
 961               50.05208         -0.0039200970 
 962               50.10417         -0.0042963288 
 963               50.15625         -0.0046809494 
 964               50.20833         -0.0050665871 
 965               50.26042         -0.0054447047 
 966               50.31250         -0.0058054563 
 967               50.36458         -0.0061381770 
 968               50.41667         -0.0064332525 
 969               50.46875         -0.0066825326 
 970               50.52083         -0.0068786543 
 971               50.57292         -0.0070153138 
 972               50.62500         -0.0070876184 
 973               50.67708         -0.0070926135 
 974               50.72917         -0.0070281951 
 975               50.78125         -0.0068930663 
 976               50.83333         -0.0066881056 
 977               50.88542         -0.0064162046 
 978               50.93750         -0.0060823855 
 979               50.98958         -0.0056927140 
 980               51.04167         -0.0052552171 
 981               51.09375         -0.0047798283 
 982               51.14583         -0.0042772920 
 983               51.19792         -0.0037592981 
 984               51.25000         -0.0032374727 
 985               51.30208         -0.0027245764 
 986               51.35417         -0.0022331227 
 987               51.40625         -0.0017749786 
 988               51.45833         -0.0013597169 
 989               51.51042         -0.0009932579 
 990               51.56250         -0.0006787547 
 991               51.61458         -0.0004161700 
 992               51.66667         -0.0002034861 
 993               51.71875         -0.0000355359 
 994               51.77083          0.0000922134 
 995               51.82292          0.0001820816 
 996               51.87500          0.0002347114 
 997               51.92708          0.0002496677 
 998               51.97917          0.0002267932 
 999               52.03125          0.0001636509 
 1000               52.08333          0.0000597968 
 1001               52.13542         -0.0000828726 
 1002               52.18750         -0.0002603636 
 1003               52.23958         -0.0004664289 
 1004               52.29167         -0.0006947269 
 1005               52.34375         -0.0009367232 
 1006               52.39583         -0.0011856352 
 1007               52.44792         -0.0014361836 
 1008               52.50000         -0.0016853981 
 1009               52.55208         -0.0019335137 
 1010               52.60417         -0.0021812190 
 1011               52.65625         -0.0024312359 
 1012               52.70833         -0.0026857621 
 1013               52.76042         -0.0029467808 
 1014               52.81250         -0.0032143662 
 1015               52.86458         -0.0034863620 
 1016               52.91667         -0.0037607996 
 1017               52.96875         -0.0040344689 
 1018               53.02083         -0.0043040594 
 1019               53.07292         -0.0045647305 
 1020               53.12500         -0.0048115631 
 1021               53.17708         -0.0050392525 
 1022               53.22917         -0.0052410601 
 1023               53.28125         -0.0054095637 
 1024               53.33333         -0.0055361727 
 1025               53.38542         -0.0056144559 
 1026               53.43750         -0.0056393629 
 1027               53.48958         -0.0056082893 
 1028               53.54167         -0.0055212014 
 1029               53.59375         -0.0053809992 
 1030               53.64583         -0.0051935913 
 1031               53.69792         -0.0049643197 
 1032               53.75000         -0.0046985423 
 1033               53.80208         -0.0044004000 
 1034               53.85417         -0.0040729163 
 1035               53.90625         -0.0037174848 
 1036               53.95833         -0.0033345294 
 1037               54.01042         -0.0029258957 
 1038               54.06250         -0.0024945661 
 1039               54.11458         -0.0020457981 
 1040               54.16667         -0.0015869037 
 1041               54.21875         -0.0011273071 
 1042               54.27083         -0.0006775780 
 1043               54.32292         -0.0002482077 
 1044               54.37500          0.0001505563 
 1045               54.42708          0.0005103066 
 1046               54.47917          0.0008245636 
 1047               54.53125          0.0010885976 
 1048               54.58333          0.0012988867 
 1049               54.63542          0.0014532632 
 1050               54.68750          0.0015507940 
 1051               54.73958          0.0015901939 
 1052               54.79167          0.0015695933 
 1053               54.84375          0.0014875438 
 1054               54.89583          0.0013437067 
 1055               54.94792          0.0011384909 
 1056               55.00000          0.0008731517 
 1057               55.05208          0.0005512246 
 1058               55.10417          0.0001786186 
 1059               55.15625         -0.0002373445 
 1060               55.20833         -0.0006883358 
 1061               55.26042         -0.0011653415 
 1062               55.31250         -0.0016585572 
 1063               55.36458         -0.0021580600 
 1064               55.41667         -0.0026541097 
 1065               55.46875         -0.0031374460 
 1066               55.52083         -0.0035998424 
 1067               55.57292         -0.0040340292 
 1068               55.62500         -0.0044337987 
 1069               55.67708         -0.0047946008 
 1070               55.72917         -0.0051124213 
 1071               55.78125         -0.0053832930 
 1072               55.83333         -0.0056029864 
 1073               55.88542         -0.0057669167 
 1074               55.93750         -0.0058706212 
 1075               55.98958         -0.0059092402 
 1076               56.04167         -0.0058796601 
 1077               56.09375         -0.0057811449 
 1078               56.14583         -0.0056149537 
 1079               56.19792         -0.0053840040 
 1080               56.25000         -0.0050927789 
 1081               56.30208         -0.0047479043 
 1082               56.35417         -0.0043560602 
 1083               56.40625         -0.0039232423 
 1084               56.45833         -0.0034559267 
 1085               56.51042         -0.0029618371 
 1086               56.56250         -0.0024498788 
 1087               56.61458         -0.0019290206 
 1088               56.66667         -0.0014100461 
 1089               56.71875         -0.0009049661 
 1090               56.77083         -0.0004251239 
 1091               56.82292          0.0000194664 
 1092               56.87500          0.0004212730 
 1093               56.92708          0.0007746374 
 1094               56.97917          0.0010769881 
 1095               57.03125          0.0013276342 
 1096               57.08333          0.0015269535 
 1097               57.13542          0.0016765489 
 1098               57.18750          0.0017772287 
 1099               57.23958          0.0018290717 
 1100               57.29167          0.0018321843 
 1101               57.34375          0.0017869216 
 1102               57.39583          0.0016929179 
 1103               57.44792          0.0015485014 
 1104               57.50000          0.0013531546 
 1105               57.55208          0.0011084634 
 1106               57.60417          0.0008164602 
 1107               57.65625          0.0004803830 
 1108               57.70833          0.0001063973 
 1109               57.76042         -0.0002959225 
 1110               57.81250         -0.0007160741 
 1111               57.86458         -0.0011449817 
 1112               57.91667         -0.0015739940 
 1113               57.96875         -0.0019961359 
 1114               58.02083         -0.0024077031 
 1115               58.07292         -0.0028080254 
 1116               58.12500         -0.0031978735 
 1117               58.17708         -0.0035770904 
 1118               58.22917         -0.0039457194 
 1119               58.28125         -0.0043025225 
 1120               58.33333         -0.0046442101 
 1121               58.38542         -0.0049666242 
 1122               58.43750         -0.0052654928 
 1123               58.48958         -0.0055380337 
 1124               58.54167         -0.0057813633 
 1125               58.59375         -0.0059930230 
 1126               58.64583         -0.0061709581 
 1127               58.69792         -0.0063126228 
 1128               58.75000         -0.0064145456 
 1129               58.80208         -0.0064715796 
 1130               58.85417         -0.0064789606 
 1131               58.90625         -0.0064335967 
 1132               58.95833         -0.0063344836 
 1133               59.01042         -0.0061832718 
 1134               59.06250         -0.0059843814 
 1135               59.11458         -0.0057448962 
 1136               59.16667         -0.0054724936 
 1137               59.21875         -0.0051742482 
 1138               59.27083         -0.0048561493 
 1139               59.32292         -0.0045225354 
 1140               59.37500         -0.0041770111 
 1141               59.42708         -0.0038231985 
 1142               59.47917         -0.0034654561 
 1143               59.53125         -0.0031086383 
 1144               59.58333         -0.0027587302 
 1145               59.63542         -0.0024228967 
 1146               59.68750         -0.0021072589 
 1147               59.73958         -0.0018160141 
 1148               59.79167         -0.0015524886 
 1149               59.84375         -0.0013195094 
 1150               59.89583         -0.0011182675 
 1151               59.94792         -0.0009483235 
 1152               60.00000         -0.0008100900 
 1153               60.05208         -0.0007051083 
 1154               60.10417         -0.0006338964 
 1155               60.15625         -0.0005962113 
 1156               60.20833         -0.0005918802 
 1157               60.26042         -0.0006204435 
 1158               60.31250         -0.0006794764 
 1159               60.36458         -0.0007647923 
 1160               60.41667         -0.0008724082 
 1161               60.46875         -0.0009977720 
 1162               60.52083         -0.0011355610 
 1163               60.57292         -0.0012810321 
 1164               60.62500         -0.0014300092 
 1165               60.67708         -0.0015788163 
 1166               60.72917         -0.0017233338 
 1167               60.78125         -0.0018601924 
 1168               60.83333         -0.0019874932 
 1169               60.88542         -0.0021031113 
 1170               60.93750         -0.0022063768 
 1171               60.98958         -0.0022973905 
 1172               61.04167         -0.0023769929 
 1173               61.09375         -0.0024460857 
 1174               61.14583         -0.0025043281 
 1175               61.19792         -0.0025516412 
 1176               61.25000         -0.0025865395 
 1177               61.30208         -0.0026078075 
 1178               61.35417         -0.0026153261 
 1179               61.40625         -0.0026096314 
 1180               61.45833         -0.0025928324 
 1181               61.51042         -0.0025675784 
 1182               61.56250         -0.0025383148 
 1183               61.61458         -0.0025091892 
 1184               61.66667         -0.0024833283 
 1185               61.71875         -0.0024633264 
 1186               61.77083         -0.0024509780 
 1187               61.82292         -0.0024475951 
 1188               61.87500         -0.0024525761 
 1189               61.92708         -0.0024650791 
 1190               61.97917         -0.0024842947 
 1191               62.03125         -0.0025095561 
 1192               62.08333         -0.0025400726 
 1193               62.13542         -0.0025752017 
 1194               62.18750         -0.0026154103 
 1195               62.23958         -0.0026613527 
 1196               62.29167         -0.0027133763 
 1197               62.34375         -0.0027709609 
 1198               62.39583         -0.0028333759 
 1199               62.44792         -0.0028991497 
 1200               62.50000         -0.0029659559 
 1201               62.55208         -0.0030312008 
 1202               62.60417         -0.0030919920 
 1203               62.65625         -0.0031462712 
 1204               62.70833         -0.0031921329 
 1205               62.76042         -0.0032285723 
 1206               62.81250         -0.0032546478 
 1207               62.86458         -0.0032689456 
 1208               62.91667         -0.0032703731 
 1209               62.96875         -0.0032575941 
 1210               63.02083         -0.0032294425 
 1211               63.07292         -0.0031839621 
 1212               63.12500         -0.0031198639 
 1213               63.17708         -0.0030372647 
 1214               63.22917         -0.0029379538 
 1215               63.28125         -0.0028247681 
 1216               63.33333         -0.0027014060 
 1217               63.38542         -0.0025729661 
 1218               63.43750         -0.0024449615 
 1219               63.48958         -0.0023222680 
 1220               63.54167         -0.0022078690 
 1221               63.59375         -0.0021030101 
 1222               63.64583         -0.0020076028 
 1223               63.69792         -0.0019202046 
 1224               63.75000         -0.0018390410 
 1225               63.80208         -0.0017631983 
 1226               63.85417         -0.0016929308 
 1227               63.90625         -0.0016303898 
 1228               63.95833         -0.0015788536 
 1229               64.01042         -0.0015433658 
 1230               64.06250         -0.0015289144 
 1231               64.11458         -0.0015382373 
 1232               64.16667         -0.0015726220 
 1233               64.21875         -0.0016310328 
 1234               64.27083         -0.0017105985 
 1235               64.32292         -0.0018053509 
 1236               64.37500         -0.0019079418 
 1237               64.42708         -0.0020130737 
 1238               64.47917         -0.0021161806 
 1239               64.53125         -0.0022148345 
 1240               64.58333         -0.0023088142 
 1241               64.63542         -0.0024005514 
 1242               64.68750         -0.0024937663 
 1243               64.73958         -0.0025903560 
 1244               64.79167         -0.0026921280 
 1245               64.84375         -0.0027987166 
 1246               64.89583         -0.0029078787 
 1247               64.94792         -0.0030160258 
 1248               65.00000         -0.0031189299 
 1249               65.05208         -0.0032134684 
 1250               65.10417         -0.0032967692 
 1251               65.15625         -0.0033683290 
 1252               65.20833         -0.0034283466 
 1253               65.26042         -0.0034768696 
 1254               65.31250         -0.0035149213 
 1255               65.36458         -0.0035442725 
 1256               65.41667         -0.0035665487 
 1257               65.46875         -0.0035813973 
 1258               65.52083         -0.0035886713 
 1259               65.57292         -0.0035895754 
 1260               65.62500         -0.0035844774 
 1261               65.67708         -0.0035723809 
 1262               65.72917         -0.0035520187 
 1263               65.78125         -0.0035234489 
 1264               65.83333         -0.0034875176 
 1265               65.88542         -0.0034448533 
 1266               65.93750         -0.0033975500 
 1267               65.98958         -0.0033489065 
 1268               66.04167         -0.0033036565 
 1269               66.09375         -0.0032666873 
 1270               66.14583         -0.0032414575 
 1271               66.19792         -0.0032306371 
 1272               66.25000         -0.0032348840 
 1273               66.30208         -0.0032535383 
 1274               66.35417         -0.0032831313 
 1275               66.40625         -0.0033188788 
 1276               66.45833         -0.0033573042 
 1277               66.51042         -0.0033948839 
 1278               66.56250         -0.0034290066 
 1279               66.61458         -0.0034581513 
 1280               66.66667         -0.0034839186 
 1281               66.71875         -0.0035086980 
 1282               66.77083         -0.0035326339 
 1283               66.82292         -0.0035555317 
 1284               66.87500         -0.0035763334 
 1285               66.92708         -0.0035926425 
 1286               66.97917         -0.0035991280 
 1287               67.03125         -0.0035895023 
 1288               67.08333         -0.0035589992 
 1289               67.13542         -0.0035036236 
 1290               67.18750         -0.0034206712 
 1291               67.23958         -0.0033086826 
 1292               67.29167         -0.0031682964 
 1293               67.34375         -0.0030014912 
 1294               67.39583         -0.0028106151 
 1295               67.44792         -0.0025985099 
 1296               67.50000         -0.0023674294 
 1297               67.55208         -0.0021195469 
 1298               67.60417         -0.0018563472 
 1299               67.65625         -0.0015794591 
 1300               67.70833         -0.0012910236 
 1301               67.76042         -0.0009932861 
 1302               67.81250         -0.0006901399 
 1303               67.86458         -0.0003865720 
 1304               67.91667         -0.0000890260 
 1305               67.96875          0.0001956327 
 1306               68.02083          0.0004604354 
 1307               68.07292          0.0007002687 
 1308               68.12500          0.0009081689 
 1309               68.17708          0.0010815656 
 1310               68.22917          0.0012217546 
 1311               68.28125          0.0013150651 
 1312               68.33333          0.0013680853 
 1313               68.38542          0.0013738382 
 1314               68.43750          0.0013555520 
 1315               68.48958          0.0012865098 
 1316               68.54167          0.0011738210 
 1317               68.59375          0.0010077098 
 1318               68.64583          0.0007920249 
 1319               68.69792          0.0005400903 
 1320               68.75000          0.0002515260 
 1321               68.80208         -0.0000791751 
 1322               68.85417         -0.0004317443 
 1323               68.90625         -0.0007990744 
 1324               68.95833         -0.0011852571 
 1325               69.01042         -0.0015676597 
 1326               69.06250         -0.0019832995 
 1327               69.11458         -0.0023559575 
 1328               69.16667         -0.0027605751 
 1329               69.21875         -0.0031200432 
 1330               69.27083         -0.0034539721 
 1331               69.32292         -0.0037875954 
 1332               69.37500         -0.0041053157 
 1333               69.42708         -0.0043803672 
 1334               69.47917         -0.0046184862 
 1335               69.53125         -0.0048456473 
 1336               69.58333         -0.0050725418 
 1337               69.63542         -0.0052653885 
 1338               69.68750         -0.0054675141 
 1339               69.73958         -0.0056580912 
 1340               69.79167         -0.0057895906 
 1341               69.84375         -0.0058921774 
 1342               69.89583         -0.0059691175 
 1343               69.94792         -0.0059913696 
 1344               70.00000         -0.0059607970 
 1345               70.05208         -0.0058853521 
 1346               70.10417         -0.0057896073 
 1347               70.15625         -0.0056520501 
 1348               70.20833         -0.0054665036 
 1349               70.26042         -0.0053044108 
 1350               70.31250         -0.0051187596 
 1351               70.36458         -0.0048936389 
 1352               70.41667         -0.0046529923 
 1353               70.46875         -0.0044119596 
 1354               70.52083         -0.0041460600 
 1355               70.57292         -0.0038418397 
 1356               70.62500         -0.0035399909 
 1357               70.67708         -0.0032246375 
 1358               70.72917         -0.0028908942 
 1359               70.78125         -0.0025533719 
 1360               70.83333         -0.0022374038 
 1361               70.88542         -0.0019592464 
 1362               70.93750         -0.0017086120 
 1363               70.98958         -0.0014490390 
 1364               71.04167         -0.0012512030 
 1365               71.09375         -0.0010649265 
 1366               71.14583         -0.0009018122 
 1367               71.19792         -0.0007889514 
 1368               71.25000         -0.0006913548 
 1369               71.30208         -0.0006249800 
 1370               71.35417         -0.0005865577 
 1371               71.40625         -0.0006114171 
 1372               71.45833         -0.0006588061 
 1373               71.51042         -0.0007376332 
 1374               71.56250         -0.0008505223 
 1375               71.61458         -0.0009692161 
 1376               71.66667         -0.0011422783 
 1377               71.71875         -0.0013220047 
 1378               71.77083         -0.0014754001 
 1379               71.82292         -0.0016447083 
 1380               71.87500         -0.0018111755 
 1381               71.92708         -0.0019554036 
 1382               71.97917         -0.0020905084 
 1383               72.03125         -0.0021894129 
 1384               72.08333         -0.0022475695 
 1385               72.13542         -0.0022791837 
 1386               72.18750         -0.0022949059 
 1387               72.23958         -0.0022683163 
 1388               72.29167         -0.0022351270 
 1389               72.34375         -0.0021481138 
 1390               72.39583         -0.0020375978 
 1391               72.44792         -0.0019001316 
 1392               72.50000         -0.0017466834 
 1393               72.55208         -0.0015869949 
 1394               72.60417         -0.0014203904 
 1395               72.65625         -0.0012567276 
 1396               72.70833         -0.0011013690 
 1397               72.76042         -0.0009368897 
 1398               72.81250         -0.0007927689 
 1399               72.86458         -0.0006460525 
 1400               72.91667         -0.0005199708 
 1401               72.96875         -0.0004023617 
 1402               73.02083         -0.0003014669 
 1403               73.07292         -0.0002096809 
 1404               73.12500         -0.0001502143 
 1405               73.17708         -0.0000938374 
 1406               73.22917         -0.0000573444 
 1407               73.28125         -0.0000243221 
 1408               73.33333          0.0000200832 
 1409               73.38542          0.0000437287 
 1410               73.43750          0.0000696294 
 1411               73.48958          0.0000645259 
 1412               73.54167          0.0000605315 
 1413               73.59375          0.0000482051 
 1414               73.64583          0.0000250465 
 1415               73.69792          0.0000224307 
 1416               73.75000          0.0000281355 
 1417               73.80208          0.0000332165 
 1418               73.85417          0.0000185077 
 1419               73.90625          0.0000076925 
 1420               73.95833         -0.0000024376 
 1421               74.01042         -0.0000015347 
 1422               74.06250          0.0000000000 
 1423               74.11458          0.0000000000 
 1424               74.16667          0.0000000000 
 1425               74.21875          0.0000000000 
 1426               74.27083          0.0000000000 
 1427               74.32292          0.0000000000 
 1428               74.37500          0.0000000000 
 1429               74.42708          0.0000000000 
 1430               74.47917          0.0000000000 
 1431               74.53125          0.0000000000 
 1432               74.58333          0.0000000000 
 1433               74.63542          0.0000000000 
 1434               74.68750          0.0000000000 
 1435               74.73958          0.0000000000 
 1436               74.79167          0.0000000000 
 1437               74.84375          0.0000000000 
 1438               74.89583          0.0000000000 
 1439               74.94792          0.0000000000 
 1440               75.00000          0.0000000000 
 1441               75.05208          0.0000000000 
 1442               75.10417          0.0000000000 
 1443               75.15625          0.0000000000 
 1444               75.20833          0.0000000000 
 1445               75.26042          0.0000000000 
 1446               75.31250          0.0000000000 
 1447               75.36458          0.0000000000 
 1448               75.41667          0.0000000000 
 1449               75.46875          0.0000000000 
 1450               75.52083          0.0000000000 
 1451               75.57292          0.0000000000 
 1452               75.62500          0.0000000000 
 1453               75.67708          0.0000000000 
 1454               75.72917          0.0000000000 
 1455               75.78125          0.0000000000 
 1456               75.83333          0.0000000000 
 1457               75.88542          0.0000000000 
 1458               75.93750          0.0000000000 
 1459               75.98958          0.0000000000 
 1460               76.04167          0.0000000000 
 1461               76.09375          0.0000000000 
 1462               76.14583          0.0000000000 
 1463               76.19792          0.0000000000 
 1464               76.25000          0.0000000000 
 1465               76.30208          0.0000000000 
 1466               76.35417          0.0000000000 
 1467               76.40625          0.0000000000 
 1468               76.45833          0.0000000000 
 1469               76.51042          0.0000000000 
 1470               76.56250          0.0000000000 
 1471               76.61458          0.0000000000 
 1472               76.66667          0.0000000000 
 1473               76.71875          0.0000000000 
 1474               76.77083          0.0000000000 
 1475               76.82292          0.0000000000 
 1476               76.87500          0.0000000000 
 1477               76.92708          0.0000000000 
 1478               76.97917          0.0000000000 
 1479               77.03125          0.0000000000 
 1480               77.08333          0.0000000000 
 1481               77.13542          0.0000000000 
 1482               77.18750          0.0000000000 
 1483               77.23958          0.0000000000 
 1484               77.29167          0.0000000000 
 1485               77.34375          0.0000000000 
 1486               77.39583          0.0000000000 
 1487               77.44792          0.0000000000 
 1488               77.50000          0.0000000000 
 1489               77.55208          0.0000000000 
 1490               77.60417          0.0000000000 
 1491               77.65625          0.0000000000 
 1492               77.70833          0.0000000000 
 1493               77.76042          0.0000000000 
 1494               77.81250          0.0000000000 
 1495               77.86458          0.0000000000 
 1496               77.91667          0.0000000000 
 1497               77.96875          0.0000000000 
 1498               78.02083          0.0000000000 
 1499               78.07292          0.0000000000 
 1500               78.12500          0.0000000000 
 1501               78.17708          0.0000000000 
 1502               78.22917          0.0000000000 
 1503               78.28125          0.0000000000 
 1504               78.33333          0.0000000000 
 1505               78.38542          0.0000000000 
 1506               78.43750          0.0000000000 
 1507               78.48958          0.0000000000 
 1508               78.54167          0.0000000000 
 1509               78.59375          0.0000000000 
 1510               78.64583          0.0000000000 
 1511               78.69792          0.0000000000 
 1512               78.75000          0.0000000000 
 1513               78.80208          0.0000000000 
 1514               78.85417          0.0000000000 
 1515               78.90625          0.0000000000 
 1516               78.95833          0.0000000000 
 1517               79.01042          0.0000000000 
 1518               79.06250          0.0000000000 
 1519               79.11458          0.0000000000 
 1520               79.16667          0.0000000000 
 1521               79.21875          0.0000000000 
 1522               79.27083          0.0000000000 
 1523               79.32292          0.0000000000 
 1524               79.37500          0.0000000000 
 1525               79.42708          0.0000000000 
 1526               79.47917          0.0000000000 
 1527               79.53125          0.0000000000 
 1528               79.58333          0.0000000000 
 1529               79.63542          0.0000000000 
 1530               79.68750          0.0000000000 
